# Sweep B vom 27.10.2009 17:08
# Sweep B ab 5.00000E+0
#
B	R1X	R1Y	R2X	R2Y
4.99996E+0	-5.04970E+3	-5.04970E+3	5.11796E+3	5.11796E+3
4.99996E+0	-5.04964E+3	-5.04964E+3	5.11792E+3	5.11792E+3
4.99840E+0	-5.04969E+3	-5.04969E+3	5.11796E+3	5.11796E+3
4.99733E+0	-5.04992E+3	-5.04992E+3	5.11804E+3	5.11804E+3
4.99533E+0	-5.05011E+3	-5.05011E+3	5.11809E+3	5.11809E+3
4.99320E+0	-5.05035E+3	-5.05035E+3	5.11816E+3	5.11816E+3
4.99267E+0	-5.05062E+3	-5.05062E+3	5.11819E+3	5.11819E+3
4.99000E+0	-5.05084E+3	-5.05084E+3	5.11826E+3	5.11826E+3
4.98933E+0	-5.05100E+3	-5.05100E+3	5.11827E+3	5.11827E+3
4.98600E+0	-5.05118E+3	-5.05118E+3	5.11821E+3	5.11821E+3
4.98480E+0	-5.05133E+3	-5.05133E+3	5.11819E+3	5.11819E+3
4.98373E+0	-5.05141E+3	-5.05141E+3	5.11814E+3	5.11814E+3
4.98227E+0	-5.05151E+3	-5.05151E+3	5.11807E+3	5.11807E+3
4.97947E+0	-5.05163E+3	-5.05163E+3	5.11799E+3	5.11799E+3
4.97760E+0	-5.05167E+3	-5.05167E+3	5.11791E+3	5.11791E+3
4.97613E+0	-5.05171E+3	-5.05171E+3	5.11781E+3	5.11781E+3
4.97547E+0	-5.05174E+3	-5.05174E+3	5.11766E+3	5.11766E+3
4.97280E+0	-5.05174E+3	-5.05174E+3	5.11752E+3	5.11752E+3
4.97040E+0	-5.05171E+3	-5.05171E+3	5.11731E+3	5.11731E+3
4.96880E+0	-5.05169E+3	-5.05169E+3	5.11711E+3	5.11711E+3
4.96667E+0	-5.05163E+3	-5.05163E+3	5.11685E+3	5.11685E+3
4.96547E+0	-5.05154E+3	-5.05154E+3	5.11664E+3	5.11664E+3
4.96387E+0	-5.05150E+3	-5.05150E+3	5.11644E+3	5.11644E+3
4.96200E+0	-5.05142E+3	-5.05142E+3	5.11618E+3	5.11618E+3
4.96093E+0	-5.05127E+3	-5.05127E+3	5.11595E+3	5.11595E+3
4.95813E+0	-5.05116E+3	-5.05116E+3	5.11567E+3	5.11567E+3
4.95360E+0	-5.05087E+3	-5.05087E+3	5.11490E+3	5.11490E+3
4.94947E+0	-5.05023E+3	-5.05023E+3	5.11361E+3	5.11361E+3
4.94320E+0	-5.04936E+3	-5.04936E+3	5.11238E+3	5.11238E+3
4.93907E+0	-5.04838E+3	-5.04838E+3	5.11101E+3	5.11101E+3
4.93413E+0	-5.04750E+3	-5.04750E+3	5.10963E+3	5.10963E+3
4.92946E+0	-5.04634E+3	-5.04634E+3	5.10799E+3	5.10799E+3
4.92586E+0	-5.04519E+3	-5.04519E+3	5.10656E+3	5.10656E+3
4.92066E+0	-5.04382E+3	-5.04382E+3	5.10489E+3	5.10489E+3
4.91653E+0	-5.04236E+3	-5.04236E+3	5.10293E+3	5.10293E+3
4.91240E+0	-5.04096E+3	-5.04096E+3	5.10122E+3	5.10122E+3
4.90680E+0	-5.03935E+3	-5.03935E+3	5.09928E+3	5.09928E+3
4.90320E+0	-5.03768E+3	-5.03768E+3	5.09717E+3	5.09717E+3
4.89853E+0	-5.03548E+3	-5.03548E+3	5.09460E+3	5.09460E+3
4.89333E+0	-5.03363E+3	-5.03363E+3	5.09219E+3	5.09219E+3
4.88920E+0	-5.03141E+3	-5.03141E+3	5.08993E+3	5.08993E+3
4.88453E+0	-5.02932E+3	-5.02932E+3	5.08748E+3	5.08748E+3
4.87973E+0	-5.02689E+3	-5.02689E+3	5.08484E+3	5.08484E+3
4.87560E+0	-5.02438E+3	-5.02438E+3	5.08203E+3	5.08203E+3
4.87093E+0	-5.02160E+3	-5.02160E+3	5.07871E+3	5.07871E+3
4.86626E+0	-5.01895E+3	-5.01895E+3	5.07603E+3	5.07603E+3
4.86173E+0	-5.01647E+3	-5.01647E+3	5.07324E+3	5.07324E+3
4.85746E+0	-5.01351E+3	-5.01351E+3	5.07013E+3	5.07013E+3
4.85279E+0	-5.01061E+3	-5.01061E+3	5.06668E+3	5.06668E+3
4.84693E+0	-5.00759E+3	-5.00759E+3	5.06312E+3	5.06312E+3
4.84226E+0	-5.00396E+3	-5.00396E+3	5.05907E+3	5.05907E+3
4.83706E+0	-5.00002E+3	-5.00002E+3	5.05518E+3	5.05518E+3
4.83186E+0	-4.99627E+3	-4.99627E+3	5.05091E+3	5.05091E+3
4.82719E+0	-4.99260E+3	-4.99260E+3	5.04719E+3	5.04719E+3
4.82359E+0	-4.98906E+3	-4.98906E+3	5.04364E+3	5.04364E+3
4.81893E+0	-4.98596E+3	-4.98596E+3	5.04027E+3	5.04027E+3
4.81479E+0	-4.98205E+3	-4.98205E+3	5.03612E+3	5.03612E+3
4.80906E+0	-4.97848E+3	-4.97848E+3	5.03175E+3	5.03175E+3
4.80546E+0	-4.97364E+3	-4.97364E+3	5.02720E+3	5.02720E+3
4.80026E+0	-4.96967E+3	-4.96967E+3	5.02301E+3	5.02301E+3
4.79546E+0	-4.96580E+3	-4.96580E+3	5.01837E+3	5.01837E+3
4.79079E+0	-4.96114E+3	-4.96114E+3	5.01376E+3	5.01376E+3
4.78573E+0	-4.95700E+3	-4.95700E+3	5.01000E+3	5.01000E+3
4.78212E+0	-4.95267E+3	-4.95267E+3	5.00520E+3	5.00520E+3
4.77693E+0	-4.94825E+3	-4.94825E+3	5.00057E+3	5.00057E+3
4.77119E+0	-4.94329E+3	-4.94329E+3	4.99513E+3	4.99513E+3
4.76613E+0	-4.93750E+3	-4.93750E+3	4.98913E+3	4.98913E+3
4.76146E+0	-4.93250E+3	-4.93250E+3	4.98421E+3	4.98421E+3
4.75786E+0	-4.92800E+3	-4.92800E+3	4.97981E+3	4.97981E+3
4.75359E+0	-4.92342E+3	-4.92342E+3	4.97451E+3	4.97451E+3
4.74759E+0	-4.91817E+3	-4.91817E+3	4.96946E+3	4.96946E+3
4.74346E+0	-4.91290E+3	-4.91290E+3	4.96428E+3	4.96428E+3
4.73879E+0	-4.90741E+3	-4.90741E+3	4.95859E+3	4.95859E+3
4.73466E+0	-4.90245E+3	-4.90245E+3	4.95359E+3	4.95359E+3
4.73052E+0	-4.89721E+3	-4.89721E+3	4.94821E+3	4.94821E+3
4.72479E+0	-4.89228E+3	-4.89228E+3	4.94269E+3	4.94269E+3
4.72119E+0	-4.88711E+3	-4.88711E+3	4.93791E+3	4.93791E+3
4.71706E+0	-4.88141E+3	-4.88141E+3	4.93223E+3	4.93223E+3
4.71186E+0	-4.87618E+3	-4.87618E+3	4.92675E+3	4.92675E+3
4.70772E+0	-4.87043E+3	-4.87043E+3	4.92086E+3	4.92086E+3
4.70239E+0	-4.86523E+3	-4.86523E+3	4.91582E+3	4.91582E+3
4.69812E+0	-4.85941E+3	-4.85941E+3	4.90954E+3	4.90954E+3
4.69292E+0	-4.85342E+3	-4.85342E+3	4.90360E+3	4.90360E+3
4.68932E+0	-4.84768E+3	-4.84768E+3	4.89783E+3	4.89783E+3
4.68465E+0	-4.84232E+3	-4.84232E+3	4.89227E+3	4.89227E+3
4.68012E+0	-4.83587E+3	-4.83587E+3	4.88588E+3	4.88588E+3
4.67479E+0	-4.83029E+3	-4.83029E+3	4.87959E+3	4.87959E+3
4.66905E+0	-4.82279E+3	-4.82279E+3	4.87262E+3	4.87262E+3
4.66399E+0	-4.81628E+3	-4.81628E+3	4.86592E+3	4.86592E+3
4.66039E+0	-4.81002E+3	-4.81002E+3	4.85966E+3	4.85966E+3
4.65479E+0	-4.80436E+3	-4.80436E+3	4.85403E+3	4.85403E+3
4.65065E+0	-4.79797E+3	-4.79797E+3	4.84785E+3	4.84785E+3
4.64599E+0	-4.79138E+3	-4.79138E+3	4.84088E+3	4.84088E+3
4.64132E+0	-4.78520E+3	-4.78520E+3	4.83495E+3	4.83495E+3
4.63719E+0	-4.77889E+3	-4.77889E+3	4.82910E+3	4.82910E+3
4.63145E+0	-4.77285E+3	-4.77285E+3	4.82221E+3	4.82221E+3
4.62679E+0	-4.76595E+3	-4.76595E+3	4.81488E+3	4.81488E+3
4.62265E+0	-4.75914E+3	-4.75914E+3	4.80838E+3	4.80838E+3
4.61799E+0	-4.75274E+3	-4.75274E+3	4.80259E+3	4.80259E+3
4.61292E+0	-4.74620E+3	-4.74620E+3	4.79535E+3	4.79535E+3
4.60892E+0	-4.73980E+3	-4.73980E+3	4.78929E+3	4.78929E+3
4.60425E+0	-4.73411E+3	-4.73411E+3	4.78353E+3	4.78353E+3
4.60105E+0	-4.72726E+3	-4.72726E+3	4.77677E+3	4.77677E+3
4.59558E+0	-4.72028E+3	-4.72028E+3	4.76942E+3	4.76942E+3
4.59185E+0	-4.71382E+3	-4.71382E+3	4.76377E+3	4.76377E+3
4.58678E+0	-4.70750E+3	-4.70750E+3	4.75671E+3	4.75671E+3
4.58265E+0	-4.70053E+3	-4.70053E+3	4.74977E+3	4.74977E+3
4.57705E+0	-4.69460E+3	-4.69460E+3	4.74416E+3	4.74416E+3
4.57345E+0	-4.68748E+3	-4.68748E+3	4.73696E+3	4.73696E+3
4.56878E+0	-4.68066E+3	-4.68066E+3	4.72952E+3	4.72952E+3
4.56372E+0	-4.67350E+3	-4.67350E+3	4.72267E+3	4.72267E+3
4.55958E+0	-4.66632E+3	-4.66632E+3	4.71551E+3	4.71551E+3
4.55292E+0	-4.65947E+3	-4.65947E+3	4.70872E+3	4.70872E+3
4.54891E+0	-4.65204E+3	-4.65204E+3	4.70111E+3	4.70111E+3
4.54465E+0	-4.64413E+3	-4.64413E+3	4.69311E+3	4.69311E+3
4.53958E+0	-4.63756E+3	-4.63756E+3	4.68688E+3	4.68688E+3
4.53638E+0	-4.63138E+3	-4.63138E+3	4.68080E+3	4.68080E+3
4.53131E+0	-4.62442E+3	-4.62442E+3	4.67340E+3	4.67340E+3
4.52718E+0	-4.61709E+3	-4.61709E+3	4.66641E+3	4.66641E+3
4.52158E+0	-4.61097E+3	-4.61097E+3	4.66023E+3	4.66023E+3
4.51771E+0	-4.60365E+3	-4.60365E+3	4.65273E+3	4.65273E+3
4.51105E+0	-4.59518E+3	-4.59518E+3	4.64395E+3	4.64395E+3
4.50691E+0	-4.58745E+3	-4.58745E+3	4.63638E+3	4.63638E+3
4.50238E+0	-4.57938E+3	-4.57938E+3	4.62810E+3	4.62810E+3
4.49718E+0	-4.57245E+3	-4.57245E+3	4.62108E+3	4.62108E+3
4.49305E+0	-4.56547E+3	-4.56547E+3	4.61455E+3	4.61455E+3
4.48891E+0	-4.55839E+3	-4.55839E+3	4.60744E+3	4.60744E+3
4.48425E+0	-4.55141E+3	-4.55141E+3	4.60121E+3	4.60121E+3
4.47798E+0	-4.54355E+3	-4.54355E+3	4.59231E+3	4.59231E+3
4.47345E+0	-4.53600E+3	-4.53600E+3	4.58500E+3	4.58500E+3
4.46905E+0	-4.52825E+3	-4.52825E+3	4.57706E+3	4.57706E+3
4.46345E+0	-4.52122E+3	-4.52122E+3	4.56991E+3	4.56991E+3
4.45984E+0	-4.51369E+3	-4.51369E+3	4.56268E+3	4.56268E+3
4.45531E+0	-4.50729E+3	-4.50729E+3	4.55633E+3	4.55633E+3
4.45118E+0	-4.49966E+3	-4.49966E+3	4.54928E+3	4.54928E+3
4.44544E+0	-4.49210E+3	-4.49210E+3	4.54110E+3	4.54110E+3
4.44038E+0	-4.48376E+3	-4.48376E+3	4.53276E+3	4.53276E+3
4.43638E+0	-4.47574E+3	-4.47574E+3	4.52490E+3	4.52490E+3
4.43078E+0	-4.46853E+3	-4.46853E+3	4.51745E+3	4.51745E+3
4.42611E+0	-4.46140E+3	-4.46140E+3	4.51072E+3	4.51072E+3
4.42091E+0	-4.45315E+3	-4.45315E+3	4.50192E+3	4.50192E+3
4.41584E+0	-4.44470E+3	-4.44470E+3	4.49401E+3	4.49401E+3
4.41118E+0	-4.43768E+3	-4.43768E+3	4.48678E+3	4.48678E+3
4.40758E+0	-4.43031E+3	-4.43031E+3	4.48041E+3	4.48041E+3
4.40184E+0	-4.42345E+3	-4.42345E+3	4.47237E+3	4.47237E+3
4.39731E+0	-4.41504E+3	-4.41504E+3	4.46437E+3	4.46437E+3
4.39264E+0	-4.40741E+3	-4.40741E+3	4.45696E+3	4.45696E+3
4.38744E+0	-4.39931E+3	-4.39931E+3	4.44850E+3	4.44850E+3
4.38171E+0	-4.38992E+3	-4.38992E+3	4.43953E+3	4.43953E+3
4.37717E+0	-4.38215E+3	-4.38215E+3	4.43155E+3	4.43155E+3
4.37104E+0	-4.37373E+3	-4.37373E+3	4.42298E+3	4.42298E+3
4.36624E+0	-4.36508E+3	-4.36508E+3	4.41440E+3	4.41440E+3
4.36157E+0	-4.35631E+3	-4.35631E+3	4.40594E+3	4.40594E+3
4.35584E+0	-4.34755E+3	-4.34755E+3	4.39736E+3	4.39736E+3
4.35064E+0	-4.33930E+3	-4.33930E+3	4.39008E+3	4.39008E+3
4.34651E+0	-4.33190E+3	-4.33190E+3	4.38213E+3	4.38213E+3
4.34291E+0	-4.32440E+3	-4.32440E+3	4.37480E+3	4.37480E+3
4.33784E+0	-4.31728E+3	-4.31728E+3	4.36792E+3	4.36792E+3
4.33317E+0	-4.30962E+3	-4.30962E+3	4.36006E+3	4.36006E+3
4.32891E+0	-4.30118E+3	-4.30118E+3	4.35136E+3	4.35136E+3
4.32437E+0	-4.29381E+3	-4.29381E+3	4.34443E+3	4.34443E+3
4.31904E+0	-4.28504E+3	-4.28504E+3	4.33555E+3	4.33555E+3
4.31491E+0	-4.27781E+3	-4.27781E+3	4.32864E+3	4.32864E+3
4.31037E+0	-4.27046E+3	-4.27046E+3	4.32161E+3	4.32161E+3
4.30624E+0	-4.26267E+3	-4.26267E+3	4.31394E+3	4.31394E+3
4.30050E+0	-4.25390E+3	-4.25390E+3	4.30496E+3	4.30496E+3
4.29530E+0	-4.24512E+3	-4.24512E+3	4.29601E+3	4.29601E+3
4.28917E+0	-4.23523E+3	-4.23523E+3	4.28652E+3	4.28652E+3
4.28450E+0	-4.22642E+3	-4.22642E+3	4.27839E+3	4.27839E+3
4.28050E+0	-4.21848E+3	-4.21848E+3	4.27056E+3	4.27056E+3
4.27410E+0	-4.20790E+3	-4.20790E+3	4.25930E+3	4.25930E+3
4.26890E+0	-4.19856E+3	-4.19856E+3	4.24997E+3	4.24997E+3
4.26424E+0	-4.18899E+3	-4.18899E+3	4.24172E+3	4.24172E+3
4.25970E+0	-4.18066E+3	-4.18066E+3	4.23230E+3	4.23230E+3
4.25450E+0	-4.17103E+3	-4.17103E+3	4.22331E+3	4.22331E+3
4.24984E+0	-4.16175E+3	-4.16175E+3	4.21360E+3	4.21360E+3
4.24464E+0	-4.15280E+3	-4.15280E+3	4.20510E+3	4.20510E+3
4.23997E+0	-4.14385E+3	-4.14385E+3	4.19549E+3	4.19549E+3
4.23437E+0	-4.13480E+3	-4.13480E+3	4.18793E+3	4.18793E+3
4.22917E+0	-4.12580E+3	-4.12580E+3	4.17747E+3	4.17747E+3
4.22504E+0	-4.11517E+3	-4.11517E+3	4.16824E+3	4.16824E+3
4.21850E+0	-4.10518E+3	-4.10518E+3	4.15721E+3	4.15721E+3
4.21330E+0	-4.09461E+3	-4.09461E+3	4.14738E+3	4.14738E+3
4.20890E+0	-4.08468E+3	-4.08468E+3	4.13685E+3	4.13685E+3
4.20383E+0	-4.07371E+3	-4.07371E+3	4.12666E+3	4.12666E+3
4.19917E+0	-4.06439E+3	-4.06439E+3	4.11705E+3	4.11705E+3
4.19490E+0	-4.05583E+3	-4.05583E+3	4.10868E+3	4.10868E+3
4.18930E+0	-4.04570E+3	-4.04570E+3	4.09937E+3	4.09937E+3
4.18530E+0	-4.03702E+3	-4.03702E+3	4.09001E+3	4.09001E+3
4.17997E+0	-4.02614E+3	-4.02614E+3	4.07878E+3	4.07878E+3
4.17437E+0	-4.01425E+3	-4.01425E+3	4.06734E+3	4.06734E+3
4.17077E+0	-4.00489E+3	-4.00489E+3	4.05751E+3	4.05751E+3
4.16570E+0	-3.99481E+3	-3.99481E+3	4.04744E+3	4.04744E+3
4.15970E+0	-3.98324E+3	-3.98324E+3	4.03588E+3	4.03588E+3
4.15517E+0	-3.97255E+3	-3.97255E+3	4.02545E+3	4.02545E+3
4.15103E+0	-3.96212E+3	-3.96212E+3	4.01535E+3	4.01535E+3
4.14543E+0	-3.95205E+3	-3.95205E+3	4.00499E+3	4.00499E+3
4.14183E+0	-3.94119E+3	-3.94119E+3	3.99502E+3	3.99502E+3
4.13717E+0	-3.93162E+3	-3.93162E+3	3.98517E+3	3.98517E+3
4.13316E+0	-3.92126E+3	-3.92126E+3	3.97443E+3	3.97443E+3
4.12690E+0	-3.90958E+3	-3.90958E+3	3.96225E+3	3.96225E+3
4.12130E+0	-3.89617E+3	-3.89617E+3	3.94929E+3	3.94929E+3
4.11796E+0	-3.88483E+3	-3.88483E+3	3.93752E+3	3.93752E+3
4.11223E+0	-3.87344E+3	-3.87344E+3	3.92595E+3	3.92595E+3
4.10716E+0	-3.85951E+3	-3.85951E+3	3.91230E+3	3.91230E+3
4.10303E+0	-3.84764E+3	-3.84764E+3	3.90075E+3	3.90075E+3
4.09743E+0	-3.83773E+3	-3.83773E+3	3.89000E+3	3.89000E+3
4.09316E+0	-3.82559E+3	-3.82559E+3	3.87838E+3	3.87838E+3
4.08810E+0	-3.81345E+3	-3.81345E+3	3.86563E+3	3.86563E+3
4.08303E+0	-3.79928E+3	-3.79928E+3	3.85181E+3	3.85181E+3
4.07930E+0	-3.78789E+3	-3.78789E+3	3.83918E+3	3.83918E+3
4.07516E+0	-3.77576E+3	-3.77576E+3	3.82807E+3	3.82807E+3
4.06956E+0	-3.76408E+3	-3.76408E+3	3.81587E+3	3.81587E+3
4.06503E+0	-3.75133E+3	-3.75133E+3	3.80214E+3	3.80214E+3
4.05850E+0	-3.73490E+3	-3.73490E+3	3.78633E+3	3.78633E+3
4.05276E+0	-3.71951E+3	-3.71951E+3	3.77066E+3	3.77066E+3
4.04916E+0	-3.70541E+3	-3.70541E+3	3.75700E+3	3.75700E+3
4.04463E+0	-3.69186E+3	-3.69186E+3	3.74227E+3	3.74227E+3
4.03996E+0	-3.67875E+3	-3.67875E+3	3.72984E+3	3.72984E+3
4.03529E+0	-3.66683E+3	-3.66683E+3	3.71769E+3	3.71769E+3
4.03076E+0	-3.65324E+3	-3.65324E+3	3.70472E+3	3.70472E+3
4.02516E+0	-3.63896E+3	-3.63896E+3	3.68848E+3	3.68848E+3
4.02156E+0	-3.62392E+3	-3.62392E+3	3.67473E+3	3.67473E+3
4.01729E+0	-3.61083E+3	-3.61083E+3	3.65978E+3	3.65978E+3
4.01169E+0	-3.59368E+3	-3.59368E+3	3.64324E+3	3.64324E+3
4.00703E+0	-3.58024E+3	-3.58024E+3	3.62988E+3	3.62988E+3
4.00249E+0	-3.56645E+3	-3.56645E+3	3.61530E+3	3.61530E+3
3.99743E+0	-3.55028E+3	-3.55028E+3	3.59895E+3	3.59895E+3
3.99316E+0	-3.53378E+3	-3.53378E+3	3.58134E+3	3.58134E+3
3.98809E+0	-3.51809E+3	-3.51809E+3	3.56553E+3	3.56553E+3
3.98396E+0	-3.50402E+3	-3.50402E+3	3.55125E+3	3.55125E+3
3.97916E+0	-3.48781E+3	-3.48781E+3	3.53547E+3	3.53547E+3
3.97462E+0	-3.47239E+3	-3.47239E+3	3.51909E+3	3.51909E+3
3.96996E+0	-3.45827E+3	-3.45827E+3	3.50456E+3	3.50456E+3
3.96596E+0	-3.44152E+3	-3.44152E+3	3.48873E+3	3.48873E+3
3.96182E+0	-3.42483E+3	-3.42483E+3	3.47153E+3	3.47153E+3
3.95662E+0	-3.40963E+3	-3.40963E+3	3.45483E+3	3.45483E+3
3.95209E+0	-3.39339E+3	-3.39339E+3	3.43741E+3	3.43741E+3
3.94782E+0	-3.37569E+3	-3.37569E+3	3.42005E+3	3.42005E+3
3.94316E+0	-3.35868E+3	-3.35868E+3	3.40462E+3	3.40462E+3
3.93849E+0	-3.34100E+3	-3.34100E+3	3.38482E+3	3.38482E+3
3.93329E+0	-3.32383E+3	-3.32383E+3	3.36762E+3	3.36762E+3
3.92969E+0	-3.30841E+3	-3.30841E+3	3.35184E+3	3.35184E+3
3.92556E+0	-3.29015E+3	-3.29015E+3	3.33261E+3	3.33261E+3
3.91969E+0	-3.27221E+3	-3.27221E+3	3.31455E+3	3.31455E+3
3.91396E+0	-3.24928E+3	-3.24928E+3	3.29076E+3	3.29076E+3
3.91036E+0	-3.23115E+3	-3.23115E+3	3.27217E+3	3.27217E+3
3.90622E+0	-3.21429E+3	-3.21429E+3	3.25568E+3	3.25568E+3
3.90062E+0	-3.19494E+3	-3.19494E+3	3.23581E+3	3.23581E+3
3.89635E+0	-3.17631E+3	-3.17631E+3	3.21569E+3	3.21569E+3
3.89129E+0	-3.15471E+3	-3.15471E+3	3.19443E+3	3.19443E+3
3.88542E+0	-3.13361E+3	-3.13361E+3	3.17081E+3	3.17081E+3
3.88129E+0	-3.11330E+3	-3.11330E+3	3.15380E+3	3.15380E+3
3.87662E+0	-3.09405E+3	-3.09405E+3	3.13312E+3	3.13312E+3
3.87182E+0	-3.07532E+3	-3.07532E+3	3.11218E+3	3.11218E+3
3.86822E+0	-3.05444E+3	-3.05444E+3	3.09206E+3	3.09206E+3
3.86315E+0	-3.03629E+3	-3.03629E+3	3.07419E+3	3.07419E+3
3.85795E+0	-3.01364E+3	-3.01364E+3	3.05037E+3	3.05037E+3
3.85289E+0	-2.99134E+3	-2.99134E+3	3.02682E+3	3.02682E+3
3.84769E+0	-2.96908E+3	-2.96908E+3	3.00437E+3	3.00437E+3
3.84355E+0	-2.94561E+3	-2.94561E+3	2.98027E+3	2.98027E+3
3.83822E+0	-2.92546E+3	-2.92546E+3	2.95818E+3	2.95818E+3
3.83195E+0	-2.90112E+3	-2.90112E+3	2.93511E+3	2.93511E+3
3.82835E+0	-2.87847E+3	-2.87847E+3	2.91285E+3	2.91285E+3
3.82368E+0	-2.86000E+3	-2.86000E+3	2.89514E+3	2.89514E+3
3.81902E+0	-2.83928E+3	-2.83928E+3	2.87323E+3	2.87323E+3
3.81435E+0	-2.81676E+3	-2.81676E+3	2.84993E+3	2.84993E+3
3.80875E+0	-2.79686E+3	-2.79686E+3	2.82946E+3	2.82946E+3
3.80408E+0	-2.77367E+3	-2.77367E+3	2.80549E+3	2.80549E+3
3.79835E+0	-2.75034E+3	-2.75034E+3	2.78157E+3	2.78157E+3
3.79462E+0	-2.72975E+3	-2.72975E+3	2.76011E+3	2.76011E+3
3.79035E+0	-2.70733E+3	-2.70733E+3	2.74028E+3	2.74028E+3
3.78515E+0	-2.68914E+3	-2.68914E+3	2.71982E+3	2.71982E+3
3.78088E+0	-2.67005E+3	-2.67005E+3	2.70167E+3	2.70167E+3
3.77462E+0	-2.65002E+3	-2.65002E+3	2.67962E+3	2.67962E+3
3.77102E+0	-2.63114E+3	-2.63114E+3	2.66302E+3	2.66302E+3
3.76702E+0	-2.61226E+3	-2.61226E+3	2.64362E+3	2.64362E+3
3.76182E+0	-2.59373E+3	-2.59373E+3	2.62427E+3	2.62427E+3
3.75595E+0	-2.57536E+3	-2.57536E+3	2.60497E+3	2.60497E+3
3.75062E+0	-2.55503E+3	-2.55503E+3	2.58549E+3	2.58549E+3
3.74555E+0	-2.53683E+3	-2.53683E+3	2.56851E+3	2.56851E+3
3.74102E+0	-2.51965E+3	-2.51965E+3	2.55072E+3	2.55072E+3
3.73581E+0	-2.50274E+3	-2.50274E+3	2.53412E+3	2.53412E+3
3.73008E+0	-2.48518E+3	-2.48518E+3	2.51728E+3	2.51728E+3
3.72541E+0	-2.47060E+3	-2.47060E+3	2.50273E+3	2.50273E+3
3.71861E+0	-2.45477E+3	-2.45477E+3	2.48710E+3	2.48710E+3
3.71288E+0	-2.44013E+3	-2.44013E+3	2.47369E+3	2.47369E+3
3.70781E+0	-2.42669E+3	-2.42669E+3	2.46081E+3	2.46081E+3
3.70221E+0	-2.41478E+3	-2.41478E+3	2.44948E+3	2.44948E+3
3.69635E+0	-2.40429E+3	-2.40429E+3	2.43880E+3	2.43880E+3
3.69168E+0	-2.39531E+3	-2.39531E+3	2.43036E+3	2.43036E+3
3.68648E+0	-2.38612E+3	-2.38612E+3	2.42260E+3	2.42260E+3
3.68141E+0	-2.37845E+3	-2.37845E+3	2.41527E+3	2.41527E+3
3.67715E+0	-2.37192E+3	-2.37192E+3	2.40918E+3	2.40918E+3
3.67101E+0	-2.36566E+3	-2.36566E+3	2.40326E+3	2.40326E+3
3.66581E+0	-2.35979E+3	-2.35979E+3	2.39787E+3	2.39787E+3
3.66141E+0	-2.35471E+3	-2.35471E+3	2.39311E+3	2.39311E+3
3.65541E+0	-2.35027E+3	-2.35027E+3	2.38939E+3	2.38939E+3
3.65008E+0	-2.34581E+3	-2.34581E+3	2.38533E+3	2.38533E+3
3.64528E+0	-2.34254E+3	-2.34254E+3	2.38232E+3	2.38232E+3
3.63914E+0	-2.33936E+3	-2.33936E+3	2.37926E+3	2.37926E+3
3.63421E+0	-2.33663E+3	-2.33663E+3	2.37675E+3	2.37675E+3
3.63008E+0	-2.33468E+3	-2.33468E+3	2.37526E+3	2.37526E+3
3.62514E+0	-2.33322E+3	-2.33322E+3	2.37387E+3	2.37387E+3
3.62154E+0	-2.33246E+3	-2.33246E+3	2.37333E+3	2.37333E+3
3.61634E+0	-2.33194E+3	-2.33194E+3	2.37298E+3	2.37298E+3
3.61208E+0	-2.33190E+3	-2.33190E+3	2.37304E+3	2.37304E+3
3.60661E+0	-2.33218E+3	-2.33218E+3	2.37344E+3	2.37344E+3
3.60248E+0	-2.33299E+3	-2.33299E+3	2.37429E+3	2.37429E+3
3.59728E+0	-2.33435E+3	-2.33435E+3	2.37596E+3	2.37596E+3
3.59234E+0	-2.33637E+3	-2.33637E+3	2.37816E+3	2.37816E+3
3.58728E+0	-2.33918E+3	-2.33918E+3	2.38115E+3	2.38115E+3
3.58274E+0	-2.34192E+3	-2.34192E+3	2.38375E+3	2.38375E+3
3.57754E+0	-2.34478E+3	-2.34478E+3	2.38713E+3	2.38713E+3
3.57287E+0	-2.34892E+3	-2.34892E+3	2.39130E+3	2.39130E+3
3.56861E+0	-2.35318E+3	-2.35318E+3	2.39547E+3	2.39547E+3
3.56327E+0	-2.35825E+3	-2.35825E+3	2.40112E+3	2.40112E+3
3.55754E+0	-2.36406E+3	-2.36406E+3	2.40704E+3	2.40704E+3
3.55287E+0	-2.36992E+3	-2.36992E+3	2.41232E+3	2.41232E+3
3.54714E+0	-2.37688E+3	-2.37688E+3	2.41953E+3	2.41953E+3
3.54301E+0	-2.38312E+3	-2.38312E+3	2.42611E+3	2.42611E+3
3.53887E+0	-2.38974E+3	-2.38974E+3	2.43223E+3	2.43223E+3
3.53421E+0	-2.39615E+3	-2.39615E+3	2.43898E+3	2.43898E+3
3.52901E+0	-2.40239E+3	-2.40239E+3	2.44488E+3	2.44488E+3
3.52487E+0	-2.40930E+3	-2.40930E+3	2.45135E+3	2.45135E+3
3.52061E+0	-2.41605E+3	-2.41605E+3	2.45839E+3	2.45839E+3
3.51647E+0	-2.42294E+3	-2.42294E+3	2.46482E+3	2.46482E+3
3.51114E+0	-2.42945E+3	-2.42945E+3	2.47209E+3	2.47209E+3
3.50700E+0	-2.43735E+3	-2.43735E+3	2.47918E+3	2.47918E+3
3.50140E+0	-2.44412E+3	-2.44412E+3	2.48513E+3	2.48513E+3
3.49727E+0	-2.45122E+3	-2.45122E+3	2.49232E+3	2.49232E+3
3.49194E+0	-2.45902E+3	-2.45902E+3	2.49974E+3	2.49974E+3
3.48607E+0	-2.46703E+3	-2.46703E+3	2.50824E+3	2.50824E+3
3.48234E+0	-2.47478E+3	-2.47478E+3	2.51524E+3	2.51524E+3
3.47740E+0	-2.48259E+3	-2.48259E+3	2.52282E+3	2.52282E+3
3.47260E+0	-2.48942E+3	-2.48942E+3	2.52818E+3	2.52818E+3
3.46847E+0	-2.49463E+3	-2.49463E+3	2.53428E+3	2.53428E+3
3.46300E+0	-2.50148E+3	-2.50148E+3	2.54091E+3	2.54091E+3
3.45900E+0	-2.50792E+3	-2.50792E+3	2.54700E+3	2.54700E+3
3.45314E+0	-2.51611E+3	-2.51611E+3	2.55507E+3	2.55507E+3
3.44780E+0	-2.52298E+3	-2.52298E+3	2.56180E+3	2.56180E+3
3.44274E+0	-2.52959E+3	-2.52959E+3	2.56751E+3	2.56751E+3
3.44007E+0	-2.53520E+3	-2.53520E+3	2.57227E+3	2.57227E+3
3.43647E+0	-2.53904E+3	-2.53904E+3	2.57669E+3	2.57669E+3
3.43127E+0	-2.54449E+3	-2.54449E+3	2.58182E+3	2.58182E+3
3.42554E+0	-2.55063E+3	-2.55063E+3	2.58736E+3	2.58736E+3
3.42154E+0	-2.55548E+3	-2.55548E+3	2.59176E+3	2.59176E+3
3.41687E+0	-2.56085E+3	-2.56085E+3	2.59708E+3	2.59708E+3
3.41073E+0	-2.56611E+3	-2.56611E+3	2.60185E+3	2.60185E+3
3.40647E+0	-2.57159E+3	-2.57159E+3	2.60698E+3	2.60698E+3
3.40127E+0	-2.57593E+3	-2.57593E+3	2.61074E+3	2.61074E+3
3.39713E+0	-2.57970E+3	-2.57970E+3	2.61406E+3	2.61406E+3
3.39247E+0	-2.58350E+3	-2.58350E+3	2.61788E+3	2.61788E+3
3.38727E+0	-2.58763E+3	-2.58763E+3	2.62149E+3	2.62149E+3
3.38313E+0	-2.59131E+3	-2.59131E+3	2.62463E+3	2.62463E+3
3.37793E+0	-2.59423E+3	-2.59423E+3	2.62756E+3	2.62756E+3
3.37327E+0	-2.59761E+3	-2.59761E+3	2.63043E+3	2.63043E+3
3.36767E+0	-2.60010E+3	-2.60010E+3	2.63254E+3	2.63254E+3
3.36353E+0	-2.60284E+3	-2.60284E+3	2.63478E+3	2.63478E+3
3.35780E+0	-2.60506E+3	-2.60506E+3	2.63711E+3	2.63711E+3
3.35353E+0	-2.60749E+3	-2.60749E+3	2.63908E+3	2.63908E+3
3.34793E+0	-2.60927E+3	-2.60927E+3	2.64065E+3	2.64065E+3
3.34433E+0	-2.61104E+3	-2.61104E+3	2.64212E+3	2.64212E+3
3.34020E+0	-2.61223E+3	-2.61223E+3	2.64309E+3	2.64309E+3
3.33487E+0	-2.61354E+3	-2.61354E+3	2.64411E+3	2.64411E+3
3.33073E+0	-2.61448E+3	-2.61448E+3	2.64494E+3	2.64494E+3
3.32660E+0	-2.61519E+3	-2.61519E+3	2.64547E+3	2.64547E+3
3.32246E+0	-2.61576E+3	-2.61576E+3	2.64586E+3	2.64586E+3
3.31553E+0	-2.61614E+3	-2.61614E+3	2.64609E+3	2.64609E+3
3.31046E+0	-2.61632E+3	-2.61632E+3	2.64603E+3	2.64603E+3
3.30673E+0	-2.61624E+3	-2.61624E+3	2.64583E+3	2.64583E+3
3.30153E+0	-2.61599E+3	-2.61599E+3	2.64549E+3	2.64549E+3
3.29726E+0	-2.61545E+3	-2.61545E+3	2.64482E+3	2.64482E+3
3.29140E+0	-2.61469E+3	-2.61469E+3	2.64395E+3	2.64395E+3
3.28620E+0	-2.61374E+3	-2.61374E+3	2.64284E+3	2.64284E+3
3.28166E+0	-2.61253E+3	-2.61253E+3	2.64172E+3	2.64172E+3
3.27780E+0	-2.61133E+3	-2.61133E+3	2.64019E+3	2.64019E+3
3.27366E+0	-2.60995E+3	-2.60995E+3	2.63877E+3	2.63877E+3
3.26913E+0	-2.60819E+3	-2.60819E+3	2.63687E+3	2.63687E+3
3.26393E+0	-2.60648E+3	-2.60648E+3	2.63516E+3	2.63516E+3
3.25980E+0	-2.60431E+3	-2.60431E+3	2.63315E+3	2.63315E+3
3.25566E+0	-2.60221E+3	-2.60221E+3	2.63082E+3	2.63082E+3
3.25046E+0	-2.59992E+3	-2.59992E+3	2.62840E+3	2.62840E+3
3.24580E+0	-2.59756E+3	-2.59756E+3	2.62618E+3	2.62618E+3
3.24153E+0	-2.59490E+3	-2.59490E+3	2.62332E+3	2.62332E+3
3.23646E+0	-2.59213E+3	-2.59213E+3	2.62030E+3	2.62030E+3
3.23126E+0	-2.58882E+3	-2.58882E+3	2.61696E+3	2.61696E+3
3.22699E+0	-2.58516E+3	-2.58516E+3	2.61395E+3	2.61395E+3
3.22179E+0	-2.58267E+3	-2.58267E+3	2.61060E+3	2.61060E+3
3.21793E+0	-2.57907E+3	-2.57907E+3	2.60721E+3	2.60721E+3
3.21366E+0	-2.57515E+3	-2.57515E+3	2.60364E+3	2.60364E+3
3.20766E+0	-2.57168E+3	-2.57168E+3	2.59925E+3	2.59925E+3
3.20353E+0	-2.56701E+3	-2.56701E+3	2.59486E+3	2.59486E+3
3.19939E+0	-2.56300E+3	-2.56300E+3	2.59106E+3	2.59106E+3
3.19499E+0	-2.55956E+3	-2.55956E+3	2.58759E+3	2.58759E+3
3.18966E+0	-2.55509E+3	-2.55509E+3	2.58236E+3	2.58236E+3
3.18539E+0	-2.54977E+3	-2.54977E+3	2.57756E+3	2.57756E+3
3.18033E+0	-2.54515E+3	-2.54515E+3	2.57289E+3	2.57289E+3
3.17566E+0	-2.54112E+3	-2.54112E+3	2.56919E+3	2.56919E+3
3.17086E+0	-2.53493E+3	-2.53493E+3	2.56247E+3	2.56247E+3
3.16552E+0	-2.52882E+3	-2.52882E+3	2.55659E+3	2.55659E+3
3.16086E+0	-2.52332E+3	-2.52332E+3	2.55097E+3	2.55097E+3
3.15406E+0	-2.51659E+3	-2.51659E+3	2.54424E+3	2.54424E+3
3.14832E+0	-2.50966E+3	-2.50966E+3	2.53752E+3	2.53752E+3
3.14419E+0	-2.50350E+3	-2.50350E+3	2.53144E+3	2.53144E+3
3.13886E+0	-2.49711E+3	-2.49711E+3	2.52483E+3	2.52483E+3
3.13352E+0	-2.48941E+3	-2.48941E+3	2.51698E+3	2.51698E+3
3.12886E+0	-2.48307E+3	-2.48307E+3	2.51044E+3	2.51044E+3
3.12299E+0	-2.47590E+3	-2.47590E+3	2.50307E+3	2.50307E+3
3.11846E+0	-2.46873E+3	-2.46873E+3	2.49652E+3	2.49652E+3
3.11432E+0	-2.46218E+3	-2.46218E+3	2.49011E+3	2.49011E+3
3.10939E+0	-2.45441E+3	-2.45441E+3	2.48207E+3	2.48207E+3
3.10339E+0	-2.44801E+3	-2.44801E+3	2.47563E+3	2.47563E+3
3.09912E+0	-2.44034E+3	-2.44034E+3	2.46850E+3	2.46850E+3
3.09352E+0	-2.43308E+3	-2.43308E+3	2.46015E+3	2.46015E+3
3.08952E+0	-2.42499E+3	-2.42499E+3	2.45206E+3	2.45206E+3
3.08472E+0	-2.41753E+3	-2.41753E+3	2.44525E+3	2.44525E+3
3.08059E+0	-2.40947E+3	-2.40947E+3	2.43710E+3	2.43710E+3
3.07472E+0	-2.40133E+3	-2.40133E+3	2.42805E+3	2.42805E+3
3.07099E+0	-2.39177E+3	-2.39177E+3	2.41890E+3	2.41890E+3
3.06472E+0	-2.38322E+3	-2.38322E+3	2.41021E+3	2.41021E+3
3.06219E+0	-2.37536E+3	-2.37536E+3	2.40256E+3	2.40256E+3
3.05645E+0	-2.36636E+3	-2.36636E+3	2.39298E+3	2.39298E+3
3.05179E+0	-2.35715E+3	-2.35715E+3	2.38351E+3	2.38351E+3
3.04712E+0	-2.34837E+3	-2.34837E+3	2.37459E+3	2.37459E+3
3.04299E+0	-2.33939E+3	-2.33939E+3	2.36640E+3	2.36640E+3
3.03885E+0	-2.33085E+3	-2.33085E+3	2.35807E+3	2.35807E+3
3.03472E+0	-2.32253E+3	-2.32253E+3	2.34890E+3	2.34890E+3
3.02885E+0	-2.31305E+3	-2.31305E+3	2.33930E+3	2.33930E+3
3.02512E+0	-2.30329E+3	-2.30329E+3	2.32979E+3	2.32979E+3
3.02099E+0	-2.29415E+3	-2.29415E+3	2.32071E+3	2.32071E+3
3.01579E+0	-2.28316E+3	-2.28316E+3	2.30888E+3	2.30888E+3
3.01058E+0	-2.27185E+3	-2.27185E+3	2.29748E+3	2.29748E+3
3.00698E+0	-2.26073E+3	-2.26073E+3	2.28628E+3	2.28628E+3
3.00232E+0	-2.25052E+3	-2.25052E+3	2.27652E+3	2.27652E+3
2.99565E+0	-2.23747E+3	-2.23747E+3	2.26244E+3	2.26244E+3
2.99152E+0	-2.22445E+3	-2.22445E+3	2.24985E+3	2.24985E+3
2.98685E+0	-2.21238E+3	-2.21238E+3	2.23715E+3	2.23715E+3
2.98125E+0	-2.20098E+3	-2.20098E+3	2.22527E+3	2.22527E+3
2.97712E+0	-2.18736E+3	-2.18736E+3	2.21181E+3	2.21181E+3
2.97245E+0	-2.17583E+3	-2.17583E+3	2.20070E+3	2.20070E+3
2.96845E+0	-2.16306E+3	-2.16306E+3	2.18797E+3	2.18797E+3
2.96218E+0	-2.14949E+3	-2.14949E+3	2.17300E+3	2.17300E+3
2.95845E+0	-2.13476E+3	-2.13476E+3	2.15803E+3	2.15803E+3
2.95285E+0	-2.11942E+3	-2.11942E+3	2.14239E+3	2.14239E+3
2.94858E+0	-2.10694E+3	-2.10694E+3	2.12947E+3	2.12947E+3
2.94445E+0	-2.09238E+3	-2.09238E+3	2.11510E+3	2.11510E+3
2.93992E+0	-2.07916E+3	-2.07916E+3	2.10199E+3	2.10199E+3
2.93338E+0	-2.06243E+3	-2.06243E+3	2.08371E+3	2.08371E+3
2.92898E+0	-2.04695E+3	-2.04695E+3	2.06857E+3	2.06857E+3
2.92351E+0	-2.03121E+3	-2.03121E+3	2.05113E+3	2.05113E+3
2.91845E+0	-2.01200E+3	-2.01200E+3	2.03284E+3	2.03284E+3
2.91325E+0	-1.99489E+3	-1.99489E+3	2.01534E+3	2.01534E+3
2.90858E+0	-1.97649E+3	-1.97649E+3	1.99632E+3	1.99632E+3
2.90325E+0	-1.96122E+3	-1.96122E+3	1.98168E+3	1.98168E+3
2.89898E+0	-1.94321E+3	-1.94321E+3	1.96323E+3	1.96323E+3
2.89485E+0	-1.92449E+3	-1.92449E+3	1.94439E+3	1.94439E+3
2.88951E+0	-1.90835E+3	-1.90835E+3	1.92824E+3	1.92824E+3
2.88431E+0	-1.88977E+3	-1.88977E+3	1.90812E+3	1.90812E+3
2.87911E+0	-1.86981E+3	-1.86981E+3	1.88790E+3	1.88790E+3
2.87351E+0	-1.84922E+3	-1.84922E+3	1.86696E+3	1.86696E+3
2.86898E+0	-1.82873E+3	-1.82873E+3	1.84758E+3	1.84758E+3
2.86404E+0	-1.81065E+3	-1.81065E+3	1.82750E+3	1.82750E+3
2.85884E+0	-1.79142E+3	-1.79142E+3	1.80812E+3	1.80812E+3
2.85391E+0	-1.77203E+3	-1.77203E+3	1.78852E+3	1.78852E+3
2.85058E+0	-1.75340E+3	-1.75340E+3	1.76977E+3	1.76977E+3
2.84631E+0	-1.73478E+3	-1.73478E+3	1.75198E+3	1.75198E+3
2.84151E+0	-1.71703E+3	-1.71703E+3	1.73194E+3	1.73194E+3
2.83524E+0	-1.69446E+3	-1.69446E+3	1.70983E+3	1.70983E+3
2.83164E+0	-1.67320E+3	-1.67320E+3	1.68806E+3	1.68806E+3
2.82644E+0	-1.65477E+3	-1.65477E+3	1.66815E+3	1.66815E+3
2.82231E+0	-1.63426E+3	-1.63426E+3	1.64878E+3	1.64878E+3
2.81644E+0	-1.61675E+3	-1.61675E+3	1.63185E+3	1.63185E+3
2.81271E+0	-1.59810E+3	-1.59810E+3	1.61231E+3	1.61231E+3
2.80711E+0	-1.57839E+3	-1.57839E+3	1.59131E+3	1.59131E+3
2.80284E+0	-1.55745E+3	-1.55745E+3	1.57136E+3	1.57136E+3
2.79818E+0	-1.54180E+3	-1.54180E+3	1.55591E+3	1.55591E+3
2.79391E+0	-1.52616E+3	-1.52616E+3	1.54025E+3	1.54025E+3
2.78938E+0	-1.51220E+3	-1.51220E+3	1.52637E+3	1.52637E+3
2.78524E+0	-1.49633E+3	-1.49633E+3	1.51095E+3	1.51095E+3
2.77991E+0	-1.48136E+3	-1.48136E+3	1.49555E+3	1.49555E+3
2.77578E+0	-1.46788E+3	-1.46788E+3	1.48228E+3	1.48228E+3
2.77097E+0	-1.45582E+3	-1.45582E+3	1.46920E+3	1.46920E+3
2.76684E+0	-1.44246E+3	-1.44246E+3	1.45796E+3	1.45796E+3
2.76164E+0	-1.43209E+3	-1.43209E+3	1.44748E+3	1.44748E+3
2.75684E+0	-1.42248E+3	-1.42248E+3	1.43891E+3	1.43891E+3
2.75151E+0	-1.41297E+3	-1.41297E+3	1.42958E+3	1.42958E+3
2.74644E+0	-1.40489E+3	-1.40489E+3	1.42282E+3	1.42282E+3
2.74177E+0	-1.39827E+3	-1.39827E+3	1.41688E+3	1.41688E+3
2.73751E+0	-1.39249E+3	-1.39249E+3	1.41220E+3	1.41220E+3
2.73191E+0	-1.38756E+3	-1.38756E+3	1.40764E+3	1.40764E+3
2.72617E+0	-1.38361E+3	-1.38361E+3	1.40454E+3	1.40454E+3
2.72151E+0	-1.38144E+3	-1.38144E+3	1.40308E+3	1.40308E+3
2.71617E+0	-1.38014E+3	-1.38014E+3	1.40260E+3	1.40260E+3
2.71097E+0	-1.38004E+3	-1.38004E+3	1.40323E+3	1.40323E+3
2.70510E+0	-1.38088E+3	-1.38088E+3	1.40491E+3	1.40491E+3
2.70044E+0	-1.38299E+3	-1.38299E+3	1.40772E+3	1.40772E+3
2.69631E+0	-1.38561E+3	-1.38561E+3	1.41056E+3	1.41056E+3
2.69110E+0	-1.38933E+3	-1.38933E+3	1.41481E+3	1.41481E+3
2.68550E+0	-1.39438E+3	-1.39438E+3	1.42046E+3	1.42046E+3
2.68030E+0	-1.39980E+3	-1.39980E+3	1.42592E+3	1.42592E+3
2.67644E+0	-1.40623E+3	-1.40623E+3	1.43286E+3	1.43286E+3
2.67230E+0	-1.41177E+3	-1.41177E+3	1.43835E+3	1.43835E+3
2.66537E+0	-1.41871E+3	-1.41871E+3	1.44561E+3	1.44561E+3
2.66124E+0	-1.42544E+3	-1.42544E+3	1.45222E+3	1.45222E+3
2.65764E+0	-1.43257E+3	-1.43257E+3	1.45976E+3	1.45976E+3
2.65150E+0	-1.44199E+3	-1.44199E+3	1.46881E+3	1.46881E+3
2.64724E+0	-1.44951E+3	-1.44951E+3	1.47678E+3	1.47678E+3
2.64270E+0	-1.45710E+3	-1.45710E+3	1.48405E+3	1.48405E+3
2.63857E+0	-1.46450E+3	-1.46450E+3	1.49176E+3	1.49176E+3
2.63337E+0	-1.47319E+3	-1.47319E+3	1.50038E+3	1.50038E+3
2.62910E+0	-1.48182E+3	-1.48182E+3	1.50853E+3	1.50853E+3
2.62390E+0	-1.48944E+3	-1.48944E+3	1.51648E+3	1.51648E+3
2.61977E+0	-1.49750E+3	-1.49750E+3	1.52417E+3	1.52417E+3
2.61417E+0	-1.50428E+3	-1.50428E+3	1.53092E+3	1.53092E+3
2.61043E+0	-1.51197E+3	-1.51197E+3	1.53825E+3	1.53825E+3
2.60523E+0	-1.52077E+3	-1.52077E+3	1.54737E+3	1.54737E+3
2.60003E+0	-1.52802E+3	-1.52802E+3	1.55423E+3	1.55423E+3
2.59537E+0	-1.53541E+3	-1.53541E+3	1.56162E+3	1.56162E+3
2.59017E+0	-1.54273E+3	-1.54273E+3	1.56825E+3	1.56825E+3
2.58603E+0	-1.54933E+3	-1.54933E+3	1.57436E+3	1.57436E+3
2.58043E+0	-1.55458E+3	-1.55458E+3	1.57952E+3	1.57952E+3
2.57670E+0	-1.56071E+3	-1.56071E+3	1.58535E+3	1.58535E+3
2.57203E+0	-1.56647E+3	-1.56647E+3	1.59059E+3	1.59059E+3
2.56803E+0	-1.57103E+3	-1.57103E+3	1.59496E+3	1.59496E+3
2.56230E+0	-1.57605E+3	-1.57605E+3	1.60002E+3	1.60002E+3
2.55857E+0	-1.58096E+3	-1.58096E+3	1.60424E+3	1.60424E+3
2.55390E+0	-1.58502E+3	-1.58502E+3	1.60806E+3	1.60806E+3
2.54870E+0	-1.58920E+3	-1.58920E+3	1.61214E+3	1.61214E+3
2.54403E+0	-1.59347E+3	-1.59347E+3	1.61596E+3	1.61596E+3
2.53936E+0	-1.59673E+3	-1.59673E+3	1.61889E+3	1.61889E+3
2.53523E+0	-1.59977E+3	-1.59977E+3	1.62161E+3	1.62161E+3
2.52883E+0	-1.60245E+3	-1.60245E+3	1.62391E+3	1.62391E+3
2.52483E+0	-1.60461E+3	-1.60461E+3	1.62595E+3	1.62595E+3
2.52030E+0	-1.60656E+3	-1.60656E+3	1.62768E+3	1.62768E+3
2.51616E+0	-1.60800E+3	-1.60800E+3	1.62881E+3	1.62881E+3
2.51203E+0	-1.60921E+3	-1.60921E+3	1.62990E+3	1.62990E+3
2.50736E+0	-1.61006E+3	-1.61006E+3	1.63050E+3	1.63050E+3
2.50270E+0	-1.61061E+3	-1.61061E+3	1.63095E+3	1.63095E+3
2.49696E+0	-1.61086E+3	-1.61086E+3	1.63091E+3	1.63091E+3
2.49216E+0	-1.61059E+3	-1.61059E+3	1.63047E+3	1.63047E+3
2.48656E+0	-1.61000E+3	-1.61000E+3	1.62976E+3	1.62976E+3
2.48270E+0	-1.60911E+3	-1.60911E+3	1.62874E+3	1.62874E+3
2.47856E+0	-1.60805E+3	-1.60805E+3	1.62754E+3	1.62754E+3
2.47336E+0	-1.60647E+3	-1.60647E+3	1.62569E+3	1.62569E+3
2.46870E+0	-1.60442E+3	-1.60442E+3	1.62361E+3	1.62361E+3
2.46496E+0	-1.60227E+3	-1.60227E+3	1.62127E+3	1.62127E+3
2.46070E+0	-1.59979E+3	-1.59979E+3	1.61877E+3	1.61877E+3
2.45496E+0	-1.59708E+3	-1.59708E+3	1.61571E+3	1.61571E+3
2.45029E+0	-1.59330E+3	-1.59330E+3	1.61190E+3	1.61190E+3
2.44616E+0	-1.58957E+3	-1.58957E+3	1.60826E+3	1.60826E+3
2.44056E+0	-1.58599E+3	-1.58599E+3	1.60473E+3	1.60473E+3
2.43629E+0	-1.58202E+3	-1.58202E+3	1.60033E+3	1.60033E+3
2.43269E+0	-1.57751E+3	-1.57751E+3	1.59561E+3	1.59561E+3
2.42696E+0	-1.57222E+3	-1.57222E+3	1.59049E+3	1.59049E+3
2.42269E+0	-1.56659E+3	-1.56659E+3	1.58444E+3	1.58444E+3
2.41763E+0	-1.56112E+3	-1.56112E+3	1.57871E+3	1.57871E+3
2.41096E+0	-1.55317E+3	-1.55317E+3	1.57086E+3	1.57086E+3
2.40736E+0	-1.54701E+3	-1.54701E+3	1.56472E+3	1.56472E+3
2.40269E+0	-1.54042E+3	-1.54042E+3	1.55793E+3	1.55793E+3
2.39749E+0	-1.53281E+3	-1.53281E+3	1.55012E+3	1.55012E+3
2.39189E+0	-1.52506E+3	-1.52506E+3	1.54162E+3	1.54162E+3
2.38776E+0	-1.51675E+3	-1.51675E+3	1.53323E+3	1.53323E+3
2.38176E+0	-1.50883E+3	-1.50883E+3	1.52493E+3	1.52493E+3
2.37882E+0	-1.50008E+3	-1.50008E+3	1.51685E+3	1.51685E+3
2.37416E+0	-1.49180E+3	-1.49180E+3	1.50743E+3	1.50743E+3
2.36936E+0	-1.48228E+3	-1.48228E+3	1.49804E+3	1.49804E+3
2.36429E+0	-1.47180E+3	-1.47180E+3	1.48699E+3	1.48699E+3
2.35896E+0	-1.46086E+3	-1.46086E+3	1.47635E+3	1.47635E+3
2.35429E+0	-1.45033E+3	-1.45033E+3	1.46538E+3	1.46538E+3
2.34909E+0	-1.43835E+3	-1.43835E+3	1.45278E+3	1.45278E+3
2.34389E+0	-1.42540E+3	-1.42540E+3	1.44006E+3	1.44006E+3
2.33976E+0	-1.41250E+3	-1.41250E+3	1.42553E+3	1.42553E+3
2.33509E+0	-1.40057E+3	-1.40057E+3	1.41533E+3	1.41533E+3
2.33402E+0	-1.38760E+3	-1.38760E+3	1.40255E+3	1.40255E+3
2.32922E+0	-1.38019E+3	-1.38019E+3	1.39862E+3	1.39862E+3
2.32789E+0	-1.37618E+3	-1.37618E+3	1.39378E+3	1.39378E+3
2.32669E+0	-1.37138E+3	-1.37138E+3	1.38948E+3	1.38948E+3
2.32482E+0	-1.36713E+3	-1.36713E+3	1.38524E+3	1.38524E+3
2.32376E+0	-1.36214E+3	-1.36214E+3	1.38028E+3	1.38028E+3
2.32149E+0	-1.35793E+3	-1.35793E+3	1.37603E+3	1.37603E+3
2.31989E+0	-1.35381E+3	-1.35381E+3	1.37073E+3	1.37073E+3
2.31856E+0	-1.34885E+3	-1.34885E+3	1.36627E+3	1.36627E+3
2.31682E+0	-1.34431E+3	-1.34431E+3	1.36111E+3	1.36111E+3
2.31576E+0	-1.33913E+3	-1.33913E+3	1.35674E+3	1.35674E+3
2.31362E+0	-1.33461E+3	-1.33461E+3	1.35222E+3	1.35222E+3
2.31202E+0	-1.32912E+3	-1.32912E+3	1.34643E+3	1.34643E+3
2.31096E+0	-1.32446E+3	-1.32446E+3	1.34166E+3	1.34166E+3
2.30936E+0	-1.31903E+3	-1.31903E+3	1.33693E+3	1.33693E+3
2.30789E+0	-1.31448E+3	-1.31448E+3	1.33294E+3	1.33294E+3
2.30616E+0	-1.30975E+3	-1.30975E+3	1.32707E+3	1.32707E+3
2.30456E+0	-1.30513E+3	-1.30513E+3	1.32062E+3	1.32062E+3
2.30296E+0	-1.29955E+3	-1.29955E+3	1.31585E+3	1.31585E+3
2.30136E+0	-1.29407E+3	-1.29407E+3	1.31028E+3	1.31028E+3
2.29949E+0	-1.28767E+3	-1.28767E+3	1.30460E+3	1.30460E+3
2.29829E+0	-1.28288E+3	-1.28288E+3	1.29980E+3	1.29980E+3
2.29669E+0	-1.27732E+3	-1.27732E+3	1.29489E+3	1.29489E+3
2.29509E+0	-1.27259E+3	-1.27259E+3	1.28875E+3	1.28875E+3
2.29322E+0	-1.26623E+3	-1.26623E+3	1.28277E+3	1.28277E+3
2.29202E+0	-1.26134E+3	-1.26134E+3	1.27764E+3	1.27764E+3
2.29042E+0	-1.25537E+3	-1.25537E+3	1.27168E+3	1.27168E+3
2.28869E+0	-1.25020E+3	-1.25020E+3	1.26674E+3	1.26674E+3
2.28709E+0	-1.24409E+3	-1.24409E+3	1.26061E+3	1.26061E+3
2.28535E+0	-1.23879E+3	-1.23879E+3	1.25434E+3	1.25434E+3
2.28349E+0	-1.23363E+3	-1.23363E+3	1.24823E+3	1.24823E+3
2.28216E+0	-1.22641E+3	-1.22641E+3	1.24225E+3	1.24225E+3
2.28095E+0	-1.22102E+3	-1.22102E+3	1.23621E+3	1.23621E+3
2.27936E+0	-1.21481E+3	-1.21481E+3	1.23010E+3	1.23010E+3
2.27762E+0	-1.20870E+3	-1.20870E+3	1.22501E+3	1.22501E+3
2.27629E+0	-1.20267E+3	-1.20267E+3	1.21885E+3	1.21885E+3
2.27389E+0	-1.19765E+3	-1.19765E+3	1.21242E+3	1.21242E+3
2.27269E+0	-1.19147E+3	-1.19147E+3	1.20598E+3	1.20598E+3
2.27095E+0	-1.18488E+3	-1.18488E+3	1.20050E+3	1.20050E+3
2.27002E+0	-1.17939E+3	-1.17939E+3	1.19493E+3	1.19493E+3
2.26802E+0	-1.17328E+3	-1.17328E+3	1.18913E+3	1.18913E+3
2.26682E+0	-1.16804E+3	-1.16804E+3	1.18237E+3	1.18237E+3
2.26495E+0	-1.16261E+3	-1.16261E+3	1.17771E+3	1.17771E+3
2.26375E+0	-1.15701E+3	-1.15701E+3	1.17203E+3	1.17203E+3
2.26215E+0	-1.15059E+3	-1.15059E+3	1.16612E+3	1.16612E+3
2.26042E+0	-1.14514E+3	-1.14514E+3	1.15939E+3	1.15939E+3
2.25882E+0	-1.13885E+3	-1.13885E+3	1.15278E+3	1.15278E+3
2.25709E+0	-1.13330E+3	-1.13330E+3	1.14702E+3	1.14702E+3
2.25562E+0	-1.12579E+3	-1.12579E+3	1.14028E+3	1.14028E+3
2.25429E+0	-1.11946E+3	-1.11946E+3	1.13469E+3	1.13469E+3
2.25255E+0	-1.11324E+3	-1.11324E+3	1.12821E+3	1.12821E+3
2.25082E+0	-1.10786E+3	-1.10786E+3	1.12158E+3	1.12158E+3
2.24962E+0	-1.10255E+3	-1.10255E+3	1.11598E+3	1.11598E+3
2.24775E+0	-1.09721E+3	-1.09721E+3	1.11050E+3	1.11050E+3
2.24615E+0	-1.09060E+3	-1.09060E+3	1.10501E+3	1.10501E+3
2.24455E+0	-1.08432E+3	-1.08432E+3	1.09814E+3	1.09814E+3
2.24309E+0	-1.07907E+3	-1.07907E+3	1.09232E+3	1.09232E+3
2.24135E+0	-1.07303E+3	-1.07303E+3	1.08587E+3	1.08587E+3
2.23975E+0	-1.06703E+3	-1.06703E+3	1.07981E+3	1.07981E+3
2.23815E+0	-1.06177E+3	-1.06177E+3	1.07346E+3	1.07346E+3
2.23655E+0	-1.05460E+3	-1.05460E+3	1.06803E+3	1.06803E+3
2.23495E+0	-1.04853E+3	-1.04853E+3	1.06151E+3	1.06151E+3
2.23322E+0	-1.04274E+3	-1.04274E+3	1.05558E+3	1.05558E+3
2.23162E+0	-1.03780E+3	-1.03780E+3	1.05055E+3	1.05055E+3
2.23029E+0	-1.03198E+3	-1.03198E+3	1.04529E+3	1.04529E+3
2.22882E+0	-1.02732E+3	-1.02732E+3	1.04007E+3	1.04007E+3
2.22735E+0	-1.02195E+3	-1.02195E+3	1.03498E+3	1.03498E+3
2.22575E+0	-1.01734E+3	-1.01734E+3	1.03000E+3	1.03000E+3
2.22429E+0	-1.01280E+3	-1.01280E+3	1.02502E+3	1.02502E+3
2.22268E+0	-1.00828E+3	-1.00828E+3	1.02022E+3	1.02022E+3
2.22095E+0	-1.00297E+3	-1.00297E+3	1.01470E+3	1.01470E+3
2.21962E+0	-9.97788E+2	-9.97788E+2	1.00958E+3	1.00958E+3
2.21802E+0	-9.93549E+2	-9.93549E+2	1.00539E+3	1.00539E+3
2.21655E+0	-9.88740E+2	-9.88740E+2	1.00126E+3	1.00126E+3
2.21548E+0	-9.84807E+2	-9.84807E+2	9.97280E+2	9.97280E+2
2.21362E+0	-9.80546E+2	-9.80546E+2	9.92564E+2	9.92564E+2
2.21188E+0	-9.76909E+2	-9.76909E+2	9.88686E+2	9.88686E+2
2.21055E+0	-9.72620E+2	-9.72620E+2	9.84379E+2	9.84379E+2
2.20908E+0	-9.69147E+2	-9.69147E+2	9.80329E+2	9.80329E+2
2.20722E+0	-9.65357E+2	-9.65357E+2	9.77139E+2	9.77139E+2
2.20535E+0	-9.61813E+2	-9.61813E+2	9.74093E+2	9.74093E+2
2.20415E+0	-9.58959E+2	-9.58959E+2	9.70542E+2	9.70542E+2
2.20228E+0	-9.55551E+2	-9.55551E+2	9.67203E+2	9.67203E+2
2.20122E+0	-9.52271E+2	-9.52271E+2	9.64535E+2	9.64535E+2
2.19962E+0	-9.49696E+2	-9.49696E+2	9.61984E+2	9.61984E+2
2.19802E+0	-9.46921E+2	-9.46921E+2	9.59537E+2	9.59537E+2
2.19628E+0	-9.44678E+2	-9.44678E+2	9.56864E+2	9.56864E+2
2.19468E+0	-9.42206E+2	-9.42206E+2	9.54744E+2	9.54744E+2
2.19348E+0	-9.39915E+2	-9.39915E+2	9.52541E+2	9.52541E+2
2.19175E+0	-9.38051E+2	-9.38051E+2	9.50645E+2	9.50645E+2
2.18988E+0	-9.36118E+2	-9.36118E+2	9.49209E+2	9.49209E+2
2.18815E+0	-9.34374E+2	-9.34374E+2	9.47630E+2	9.47630E+2
2.18642E+0	-9.33081E+2	-9.33081E+2	9.46371E+2	9.46371E+2
2.18495E+0	-9.31927E+2	-9.31927E+2	9.45136E+2	9.45136E+2
2.18388E+0	-9.30456E+2	-9.30456E+2	9.44143E+2	9.44143E+2
2.18188E+0	-9.29565E+2	-9.29565E+2	9.43441E+2	9.43441E+2
2.18068E+0	-9.28762E+2	-9.28762E+2	9.42865E+2	9.42865E+2
2.17908E+0	-9.28217E+2	-9.28217E+2	9.42416E+2	9.42416E+2
2.17748E+0	-9.27771E+2	-9.27771E+2	9.42073E+2	9.42073E+2
2.17588E+0	-9.27414E+2	-9.27414E+2	9.41869E+2	9.41869E+2
2.17482E+0	-9.27250E+2	-9.27250E+2	9.41877E+2	9.41877E+2
2.17482E+0	-9.27208E+2	-9.27208E+2	9.42062E+2	9.42062E+2
2.17482E+0	-9.27433E+2	-9.27433E+2	9.42529E+2	9.42529E+2
2.17482E+0	-9.27886E+2	-9.27886E+2	9.43354E+2	9.43354E+2
2.16575E+0	-9.28531E+2	-9.28531E+2	9.44189E+2	9.44189E+2
2.16468E+0	-9.29400E+2	-9.29400E+2	9.45082E+2	9.45082E+2
2.16268E+0	-9.30360E+2	-9.30360E+2	9.45965E+2	9.45965E+2
2.16162E+0	-9.31415E+2	-9.31415E+2	9.47138E+2	9.47138E+2
2.15975E+0	-9.32596E+2	-9.32596E+2	9.48513E+2	9.48513E+2
2.15842E+0	-9.33694E+2	-9.33694E+2	9.49792E+2	9.49792E+2
2.15668E+0	-9.35043E+2	-9.35043E+2	9.51308E+2	9.51308E+2
2.15495E+0	-9.36300E+2	-9.36300E+2	9.52637E+2	9.52637E+2
2.15322E+0	-9.37966E+2	-9.37966E+2	9.54364E+2	9.54364E+2
2.15202E+0	-9.39750E+2	-9.39750E+2	9.56266E+2	9.56266E+2
2.15042E+0	-9.41572E+2	-9.41572E+2	9.58182E+2	9.58182E+2
2.14842E+0	-9.43195E+2	-9.43195E+2	9.59922E+2	9.59922E+2
2.14668E+0	-9.45198E+2	-9.45198E+2	9.61984E+2	9.61984E+2
2.14562E+0	-9.46998E+2	-9.46998E+2	9.63889E+2	9.63889E+2
2.14428E+0	-9.49285E+2	-9.49285E+2	9.65910E+2	9.65910E+2
2.14202E+0	-9.51271E+2	-9.51271E+2	9.68690E+2	9.68690E+2
2.14041E+0	-9.53969E+2	-9.53969E+2	9.71187E+2	9.71187E+2
2.13828E+0	-9.56334E+2	-9.56334E+2	9.73711E+2	9.73711E+2
2.13708E+0	-9.59095E+2	-9.59095E+2	9.75904E+2	9.75904E+2
2.13562E+0	-9.61185E+2	-9.61185E+2	9.77750E+2	9.77750E+2
2.13442E+0	-9.63372E+2	-9.63372E+2	9.80568E+2	9.80568E+2
2.13241E+0	-9.65730E+2	-9.65730E+2	9.82935E+2	9.82935E+2
2.13068E+0	-9.68766E+2	-9.68766E+2	9.85971E+2	9.85971E+2
2.12935E+0	-9.71405E+2	-9.71405E+2	9.88696E+2	9.88696E+2
2.12935E+0	-9.75608E+2	-9.75608E+2	9.93136E+2	9.93136E+2
2.12495E+0	-9.78742E+2	-9.78742E+2	9.96004E+2	9.96004E+2
2.12322E+0	-9.81278E+2	-9.81278E+2	9.98523E+2	9.98523E+2
2.12161E+0	-9.84183E+2	-9.84183E+2	1.00135E+3	1.00135E+3
2.12015E+0	-9.86671E+2	-9.86671E+2	1.00428E+3	1.00428E+3
2.11895E+0	-9.89537E+2	-9.89537E+2	1.00664E+3	1.00664E+3
2.11415E+0	-9.93910E+2	-9.93910E+2	1.01421E+3	1.01421E+3
2.10908E+0	-1.00274E+3	-1.00274E+3	1.02280E+3	1.02280E+3
2.10348E+0	-1.01168E+3	-1.01168E+3	1.03209E+3	1.03209E+3
2.09988E+0	-1.01952E+3	-1.01952E+3	1.03981E+3	1.03981E+3
2.09481E+0	-1.02712E+3	-1.02712E+3	1.04685E+3	1.04685E+3
2.09108E+0	-1.03427E+3	-1.03427E+3	1.05438E+3	1.05438E+3
2.08588E+0	-1.04147E+3	-1.04147E+3	1.06165E+3	1.06165E+3
2.08135E+0	-1.04839E+3	-1.04839E+3	1.06788E+3	1.06788E+3
2.07588E+0	-1.05540E+3	-1.05540E+3	1.07524E+3	1.07524E+3
2.07161E+0	-1.06260E+3	-1.06260E+3	1.08183E+3	1.08183E+3
2.06508E+0	-1.06890E+3	-1.06890E+3	1.08818E+3	1.08818E+3
2.06001E+0	-1.07514E+3	-1.07514E+3	1.09345E+3	1.09345E+3
2.05628E+0	-1.07996E+3	-1.07996E+3	1.09824E+3	1.09824E+3
2.05241E+0	-1.08430E+3	-1.08430E+3	1.10230E+3	1.10230E+3
2.04668E+0	-1.08840E+3	-1.08840E+3	1.10631E+3	1.10631E+3
2.04121E+0	-1.09228E+3	-1.09228E+3	1.10979E+3	1.10979E+3
2.03654E+0	-1.09501E+3	-1.09501E+3	1.11220E+3	1.11220E+3
2.03214E+0	-1.09740E+3	-1.09740E+3	1.11420E+3	1.11420E+3
2.02654E+0	-1.09917E+3	-1.09917E+3	1.11560E+3	1.11560E+3
2.02081E+0	-1.10034E+3	-1.10034E+3	1.11640E+3	1.11640E+3
2.01668E+0	-1.10064E+3	-1.10064E+3	1.11646E+3	1.11646E+3
2.01041E+0	-1.10032E+3	-1.10032E+3	1.11570E+3	1.11570E+3
2.00548E+0	-1.09926E+3	-1.09926E+3	1.11427E+3	1.11427E+3
2.00068E+0	-1.09765E+3	-1.09765E+3	1.11235E+3	1.11235E+3
1.99654E+0	-1.09555E+3	-1.09555E+3	1.10994E+3	1.10994E+3
1.99121E+0	-1.09245E+3	-1.09245E+3	1.10654E+3	1.10654E+3
1.98654E+0	-1.08912E+3	-1.08912E+3	1.10314E+3	1.10314E+3
1.98174E+0	-1.08484E+3	-1.08484E+3	1.09825E+3	1.09825E+3
1.97654E+0	-1.07964E+3	-1.07964E+3	1.09262E+3	1.09262E+3
1.97201E+0	-1.07415E+3	-1.07415E+3	1.08663E+3	1.08663E+3
1.96641E+0	-1.06844E+3	-1.06844E+3	1.08090E+3	1.08090E+3
1.96201E+0	-1.06193E+3	-1.06193E+3	1.07422E+3	1.07422E+3
1.95667E+0	-1.05398E+3	-1.05398E+3	1.06535E+3	1.06535E+3
1.95147E+0	-1.04477E+3	-1.04477E+3	1.05615E+3	1.05615E+3
1.94641E+0	-1.03652E+3	-1.03652E+3	1.04739E+3	1.04739E+3
1.94387E+0	-1.02827E+3	-1.02827E+3	1.03956E+3	1.03956E+3
1.93867E+0	-1.01885E+3	-1.01885E+3	1.02902E+3	1.02902E+3
1.93441E+0	-1.00959E+3	-1.00959E+3	1.01965E+3	1.01965E+3
1.92921E+0	-9.98613E+2	-9.98613E+2	1.00883E+3	1.00883E+3
1.92401E+0	-9.86160E+2	-9.86160E+2	9.94702E+2	9.94702E+2
1.92041E+0	-9.73672E+2	-9.73672E+2	9.82497E+2	9.82497E+2
1.91481E+0	-9.61911E+2	-9.61911E+2	9.70557E+2	9.70557E+2
1.91094E+0	-9.48204E+2	-9.48204E+2	9.56342E+2	9.56342E+2
1.90507E+0	-9.34210E+2	-9.34210E+2	9.41728E+2	9.41728E+2
1.90081E+0	-9.19450E+2	-9.19450E+2	9.26409E+2	9.26409E+2
1.89681E+0	-9.05669E+2	-9.05669E+2	9.13988E+2	9.13988E+2
1.89254E+0	-8.91164E+2	-8.91164E+2	8.97654E+2	8.97654E+2
1.88587E+0	-8.72696E+2	-8.72696E+2	8.78551E+2	8.78551E+2
1.88054E+0	-8.54410E+2	-8.54410E+2	8.59391E+2	8.59391E+2
1.87587E+0	-8.36197E+2	-8.36197E+2	8.40477E+2	8.40477E+2
1.87067E+0	-8.17722E+2	-8.17722E+2	8.22542E+2	8.22542E+2
1.86707E+0	-8.01007E+2	-8.01007E+2	8.06615E+2	8.06615E+2
1.86174E+0	-7.86331E+2	-7.86331E+2	7.89867E+2	7.89867E+2
1.85774E+0	-7.69103E+2	-7.69103E+2	7.73946E+2	7.73946E+2
1.85214E+0	-7.56130E+2	-7.56130E+2	7.61677E+2	7.61677E+2
1.84800E+0	-7.42940E+2	-7.42940E+2	7.47359E+2	7.47359E+2
1.84227E+0	-7.28717E+2	-7.28717E+2	7.33421E+2	7.33421E+2
1.83854E+0	-7.16936E+2	-7.16936E+2	7.22081E+2	7.22081E+2
1.83387E+0	-7.07774E+2	-7.07774E+2	7.14138E+2	7.14138E+2
1.82933E+0	-6.99425E+2	-6.99425E+2	7.05727E+2	7.05727E+2
1.82467E+0	-6.92222E+2	-6.92222E+2	6.99893E+2	6.99893E+2
1.82000E+0	-6.87728E+2	-6.87728E+2	6.96596E+2	6.96596E+2
1.81533E+0	-6.85070E+2	-6.85070E+2	6.94864E+2	6.94864E+2
1.81080E+0	-6.83778E+2	-6.83778E+2	6.94444E+2	6.94444E+2
1.80560E+0	-6.84061E+2	-6.84061E+2	6.95855E+2	6.95855E+2
1.79987E+0	-6.86411E+2	-6.86411E+2	6.99582E+2	6.99582E+2
1.79573E+0	-6.89894E+2	-6.89894E+2	7.03184E+2	7.03184E+2
1.79107E+0	-6.93526E+2	-6.93526E+2	7.07631E+2	7.07631E+2
1.78613E+0	-6.99085E+2	-6.99085E+2	7.14232E+2	7.14232E+2
1.78240E+0	-7.05387E+2	-7.05387E+2	7.21004E+2	7.21004E+2
1.77653E+0	-7.13044E+2	-7.13044E+2	7.29441E+2	7.29441E+2
1.77147E+0	-7.21495E+2	-7.21495E+2	7.37450E+2	7.37450E+2
1.76720E+0	-7.28503E+2	-7.28503E+2	7.44713E+2	7.44713E+2
1.76253E+0	-7.35449E+2	-7.35449E+2	7.51591E+2	7.51591E+2
1.75787E+0	-7.43436E+2	-7.43436E+2	7.59859E+2	7.59859E+2
1.75373E+0	-7.50836E+2	-7.50836E+2	7.67323E+2	7.67323E+2
1.75000E+0	-7.58130E+2	-7.58130E+2	7.74929E+2	7.74929E+2
1.74507E+0	-7.65570E+2	-7.65570E+2	7.81471E+2	7.81471E+2
1.74040E+0	-7.72135E+2	-7.72135E+2	7.88367E+2	7.88367E+2
1.73573E+0	-7.78274E+2	-7.78274E+2	7.93761E+2	7.93761E+2
1.73200E+0	-7.84035E+2	-7.84035E+2	7.99298E+2	7.99298E+2
1.72693E+0	-7.88658E+2	-7.88658E+2	8.04186E+2	8.04186E+2
1.72253E+0	-7.93680E+2	-7.93680E+2	8.08778E+2	8.08778E+2
1.71840E+0	-7.97490E+2	-7.97490E+2	8.11913E+2	8.11913E+2
1.71386E+0	-8.00458E+2	-8.00458E+2	8.14753E+2	8.14753E+2
1.70973E+0	-8.03368E+2	-8.03368E+2	8.17101E+2	8.17101E+2
1.70480E+0	-8.05198E+2	-8.05198E+2	8.18739E+2	8.18739E+2
1.69866E+0	-8.06481E+2	-8.06481E+2	8.19596E+2	8.19596E+2
1.69506E+0	-8.06741E+2	-8.06741E+2	8.19340E+2	8.19340E+2
1.68920E+0	-8.05976E+2	-8.05976E+2	8.18035E+2	8.18035E+2
1.68493E+0	-8.04455E+2	-8.04455E+2	8.16218E+2	8.16218E+2
1.68080E+0	-8.02127E+2	-8.02127E+2	8.13278E+2	8.13278E+2
1.67626E+0	-7.99122E+2	-7.99122E+2	8.10169E+2	8.10169E+2
1.67146E+0	-7.94477E+2	-7.94477E+2	8.04801E+2	8.04801E+2
1.66693E+0	-7.89975E+2	-7.89975E+2	8.00097E+2	8.00097E+2
1.66226E+0	-7.84945E+2	-7.84945E+2	7.94849E+2	7.94849E+2
1.65813E+0	-7.77931E+2	-7.77931E+2	7.87620E+2	7.87620E+2
1.65386E+0	-7.71006E+2	-7.71006E+2	7.79624E+2	7.79624E+2
1.64866E+0	-7.62134E+2	-7.62134E+2	7.70509E+2	7.70509E+2
1.64399E+0	-7.53714E+2	-7.53714E+2	7.60647E+2	7.60647E+2
1.63826E+0	-7.42886E+2	-7.42886E+2	7.49939E+2	7.49939E+2
1.63413E+0	-7.31717E+2	-7.31717E+2	7.37721E+2	7.37721E+2
1.62986E+0	-7.19991E+2	-7.19991E+2	7.26475E+2	7.26475E+2
1.62546E+0	-7.07646E+2	-7.07646E+2	7.12654E+2	7.12654E+2
1.62026E+0	-6.94497E+2	-6.94497E+2	6.99561E+2	6.99561E+2
1.61599E+0	-6.81617E+2	-6.81617E+2	6.86039E+2	6.86039E+2
1.61026E+0	-6.66002E+2	-6.66002E+2	6.70406E+2	6.70406E+2
1.60653E+0	-6.52279E+2	-6.52279E+2	6.54838E+2	6.54838E+2
1.60133E+0	-6.37741E+2	-6.37741E+2	6.42192E+2	6.42192E+2
1.59653E+0	-6.23828E+2	-6.23828E+2	6.26458E+2	6.26458E+2
1.59239E+0	-6.09395E+2	-6.09395E+2	6.12787E+2	6.12787E+2
1.58813E+0	-5.95656E+2	-5.95656E+2	5.99062E+2	5.99062E+2
1.58133E+0	-5.82326E+2	-5.82326E+2	5.85310E+2	5.85310E+2
1.57613E+0	-5.69141E+2	-5.69141E+2	5.73543E+2	5.73543E+2
1.57186E+0	-5.59546E+2	-5.59546E+2	5.63949E+2	5.63949E+2
1.56666E+0	-5.50961E+2	-5.50961E+2	5.56468E+2	5.56468E+2
1.56306E+0	-5.44758E+2	-5.44758E+2	5.51358E+2	5.51358E+2
1.55759E+0	-5.41418E+2	-5.41418E+2	5.48830E+2	5.48830E+2
1.55199E+0	-5.39539E+2	-5.39539E+2	5.48163E+2	5.48163E+2
1.54786E+0	-5.39645E+2	-5.39645E+2	5.49141E+2	5.49141E+2
1.54359E+0	-5.41334E+2	-5.41334E+2	5.51915E+2	5.51915E+2
1.53839E+0	-5.44891E+2	-5.44891E+2	5.56454E+2	5.56454E+2
1.53426E+0	-5.49684E+2	-5.49684E+2	5.61432E+2	5.61432E+2
1.52892E+0	-5.54082E+2	-5.54082E+2	5.66248E+2	5.66248E+2
1.52586E+0	-5.59989E+2	-5.59989E+2	5.73064E+2	5.73064E+2
1.52226E+0	-5.64968E+2	-5.64968E+2	5.78543E+2	5.78543E+2
1.51692E+0	-5.71047E+2	-5.71047E+2	5.84812E+2	5.84812E+2
1.51279E+0	-5.78506E+2	-5.78506E+2	5.92181E+2	5.92181E+2
1.50772E+0	-5.85622E+2	-5.85622E+2	5.99733E+2	5.99733E+2
1.50305E+0	-5.92486E+2	-5.92486E+2	6.06512E+2	6.06512E+2
1.49839E+0	-5.98685E+2	-5.98685E+2	6.12853E+2	6.12853E+2
1.49386E+0	-6.04747E+2	-6.04747E+2	6.18226E+2	6.18226E+2
1.48812E+0	-6.10031E+2	-6.10031E+2	6.23085E+2	6.23085E+2
1.48479E+0	-6.14580E+2	-6.14580E+2	6.27057E+2	6.27057E+2
1.48012E+0	-6.17542E+2	-6.17542E+2	6.30046E+2	6.30046E+2
1.47545E+0	-6.20372E+2	-6.20372E+2	6.32371E+2	6.32371E+2
1.47025E+0	-6.22295E+2	-6.22295E+2	6.33830E+2	6.33830E+2
1.46559E+0	-6.23050E+2	-6.23050E+2	6.34034E+2	6.34034E+2
1.46199E+0	-6.22750E+2	-6.22750E+2	6.33298E+2	6.33298E+2
1.45745E+0	-6.21497E+2	-6.21497E+2	6.31520E+2	6.31520E+2
1.45172E+0	-6.19176E+2	-6.19176E+2	6.28432E+2	6.28432E+2
1.44759E+0	-6.15180E+2	-6.15180E+2	6.23726E+2	6.23726E+2
1.44292E+0	-6.10919E+2	-6.10919E+2	6.18837E+2	6.18837E+2
1.43772E+0	-6.04325E+2	-6.04325E+2	6.11908E+2	6.11908E+2
1.43359E+0	-5.96513E+2	-5.96513E+2	6.03380E+2	6.03380E+2
1.42799E+0	-5.88547E+2	-5.88547E+2	5.95741E+2	5.95741E+2
1.42332E+0	-5.79247E+2	-5.79247E+2	5.84202E+2	5.84202E+2
1.41918E+0	-5.68321E+2	-5.68321E+2	5.72755E+2	5.72755E+2
1.41452E+0	-5.57066E+2	-5.57066E+2	5.61555E+2	5.61555E+2
1.40905E+0	-5.43984E+2	-5.43984E+2	5.47708E+2	5.47708E+2
1.40238E+0	-5.29702E+2	-5.29702E+2	5.32864E+2	5.32864E+2
1.39718E+0	-5.15856E+2	-5.15856E+2	5.18519E+2	5.18519E+2
1.39465E+0	-5.02747E+2	-5.02747E+2	5.05998E+2	5.05998E+2
1.39025E+0	-4.92517E+2	-4.92517E+2	4.95700E+2	4.95700E+2
1.38545E+0	-4.82708E+2	-4.82708E+2	4.86772E+2	4.86772E+2
1.38065E+0	-4.74261E+2	-4.74261E+2	4.78080E+2	4.78080E+2
1.37598E+0	-4.65169E+2	-4.65169E+2	4.68642E+2	4.68642E+2
1.37172E+0	-4.57365E+2	-4.57365E+2	4.62146E+2	4.62146E+2
1.36705E+0	-4.52202E+2	-4.52202E+2	4.57700E+2	4.57700E+2
1.36252E+0	-4.49097E+2	-4.49097E+2	4.55549E+2	4.55549E+2
1.35785E+0	-4.47519E+2	-4.47519E+2	4.54958E+2	4.54958E+2
1.35372E+0	-4.47730E+2	-4.47730E+2	4.56165E+2	4.56165E+2
1.35078E+0	-4.49507E+2	-4.49507E+2	4.57891E+2	4.57891E+2
1.34852E+0	-4.50797E+2	-4.50797E+2	4.59306E+2	4.59306E+2
1.34652E+0	-4.52377E+2	-4.52377E+2	4.61315E+2	4.61315E+2
1.34411E+0	-4.54262E+2	-4.54262E+2	4.63546E+2	4.63546E+2
1.34012E+0	-4.56150E+2	-4.56150E+2	4.67062E+2	4.67062E+2
1.33505E+0	-4.61845E+2	-4.61845E+2	4.73136E+2	4.73136E+2
1.33131E+0	-4.67351E+2	-4.67351E+2	4.78611E+2	4.78611E+2
1.32558E+0	-4.73012E+2	-4.73012E+2	4.84875E+2	4.84875E+2
1.32145E+0	-4.79527E+2	-4.79527E+2	4.91550E+2	4.91550E+2
1.31478E+0	-4.86331E+2	-4.86331E+2	4.98096E+2	4.98096E+2
1.30905E+0	-4.92294E+2	-4.92294E+2	5.03666E+2	5.03666E+2
1.30358E+0	-4.96899E+2	-4.96899E+2	5.07753E+2	5.07753E+2
1.29798E+0	-5.00445E+2	-5.00445E+2	5.10624E+2	5.10624E+2
1.29251E+0	-5.01911E+2	-5.01911E+2	5.11456E+2	5.11456E+2
1.28731E+0	-5.01841E+2	-5.01841E+2	5.10629E+2	5.10629E+2
1.28198E+0	-4.99999E+2	-4.99999E+2	5.07981E+2	5.07981E+2
1.27851E+0	-4.96951E+2	-4.96951E+2	5.04725E+2	5.04725E+2
1.27705E+0	-4.94830E+2	-4.94830E+2	5.03636E+2	5.03636E+2
1.27598E+0	-4.93349E+2	-4.93349E+2	5.02175E+2	5.02175E+2
1.27465E+0	-4.92137E+2	-4.92137E+2	5.00497E+2	5.00497E+2
1.27305E+0	-4.90258E+2	-4.90258E+2	4.98691E+2	4.98691E+2
1.27158E+0	-4.88457E+2	-4.88457E+2	4.96897E+2	4.96897E+2
1.26998E+0	-4.86555E+2	-4.86555E+2	4.95005E+2	4.95005E+2
1.26851E+0	-4.84935E+2	-4.84935E+2	4.92843E+2	4.92843E+2
1.26745E+0	-4.82459E+2	-4.82459E+2	4.90612E+2	4.90612E+2
1.26611E+0	-4.80146E+2	-4.80146E+2	4.88334E+2	4.88334E+2
1.26438E+0	-4.78183E+2	-4.78183E+2	4.85929E+2	4.85929E+2
1.26291E+0	-4.75798E+2	-4.75798E+2	4.83357E+2	4.83357E+2
1.26145E+0	-4.72757E+2	-4.72757E+2	4.80739E+2	4.80739E+2
1.25998E+0	-4.70135E+2	-4.70135E+2	4.78009E+2	4.78009E+2
1.25851E+0	-4.67472E+2	-4.67472E+2	4.75116E+2	4.75116E+2
1.25758E+0	-4.64747E+2	-4.64747E+2	4.72648E+2	4.72648E+2
1.25571E+0	-4.61962E+2	-4.61962E+2	4.69240E+2	4.69240E+2
1.25478E+0	-4.58910E+2	-4.58910E+2	4.66373E+2	4.66373E+2
1.25291E+0	-4.56366E+2	-4.56366E+2	4.63346E+2	4.63346E+2
1.25145E+0	-4.53334E+2	-4.53334E+2	4.60124E+2	4.60124E+2
1.25011E+0	-4.49577E+2	-4.49577E+2	4.56851E+2	4.56851E+2
1.24865E+0	-4.46931E+2	-4.46931E+2	4.53641E+2	4.53641E+2
1.24731E+0	-4.43818E+2	-4.43818E+2	4.50435E+2	4.50435E+2
1.24571E+0	-4.40676E+2	-4.40676E+2	4.46999E+2	4.46999E+2
1.24371E+0	-4.36793E+2	-4.36793E+2	4.42114E+2	4.42114E+2
1.24224E+0	-4.32018E+2	-4.32018E+2	4.38273E+2	4.38273E+2
1.24038E+0	-4.27842E+2	-4.27842E+2	4.33444E+2	4.33444E+2
1.23864E+0	-4.24109E+2	-4.24109E+2	4.30248E+2	4.30248E+2
1.23704E+0	-4.20917E+2	-4.20917E+2	4.27050E+2	4.27050E+2
1.23558E+0	-4.16951E+2	-4.16951E+2	4.23027E+2	4.23027E+2
1.23371E+0	-4.13622E+2	-4.13622E+2	4.19671E+2	4.19671E+2
1.23211E+0	-4.10295E+2	-4.10295E+2	4.16817E+2	4.16817E+2
1.23038E+0	-4.07482E+2	-4.07482E+2	4.13037E+2	4.13037E+2
1.22878E+0	-4.04322E+2	-4.04322E+2	4.09584E+2	4.09584E+2
1.22704E+0	-4.01320E+2	-4.01320E+2	4.06874E+2	4.06874E+2
1.22531E+0	-3.98641E+2	-3.98641E+2	4.04666E+2	4.04666E+2
1.22358E+0	-3.95874E+2	-3.95874E+2	4.02194E+2	4.02194E+2
1.22224E+0	-3.93953E+2	-3.93953E+2	4.00182E+2	4.00182E+2
1.22038E+0	-3.91922E+2	-3.91922E+2	3.98395E+2	3.98395E+2
1.21891E+0	-3.90148E+2	-3.90148E+2	3.96303E+2	3.96303E+2
1.21704E+0	-3.88430E+2	-3.88430E+2	3.94606E+2	3.94606E+2
1.21544E+0	-3.87339E+2	-3.87339E+2	3.93561E+2	3.93561E+2
1.21344E+0	-3.86157E+2	-3.86157E+2	3.92281E+2	3.92281E+2
1.21198E+0	-3.85392E+2	-3.85392E+2	3.91803E+2	3.91803E+2
1.21024E+0	-3.84849E+2	-3.84849E+2	3.91292E+2	3.91292E+2
1.20811E+0	-3.84529E+2	-3.84529E+2	3.91211E+2	3.91211E+2
1.20691E+0	-3.84510E+2	-3.84510E+2	3.91255E+2	3.91255E+2
1.20464E+0	-3.84706E+2	-3.84706E+2	3.91646E+2	3.91646E+2
1.20331E+0	-3.85161E+2	-3.85161E+2	3.92023E+2	3.92023E+2
1.20291E+0	-3.85648E+2	-3.85648E+2	3.92752E+2	3.92752E+2
1.20011E+0	-3.86270E+2	-3.86270E+2	3.93483E+2	3.93483E+2
1.19651E+0	-3.87980E+2	-3.87980E+2	3.96555E+2	3.96555E+2
1.19491E+0	-3.90089E+2	-3.90089E+2	3.97548E+2	3.97548E+2
1.19304E+0	-3.91448E+2	-3.91448E+2	3.99037E+2	3.99037E+2
1.19158E+0	-3.92914E+2	-3.92914E+2	4.00426E+2	4.00426E+2
1.18691E+0	-3.94447E+2	-3.94447E+2	4.04702E+2	4.04702E+2
1.18438E+0	-3.98592E+2	-3.98592E+2	4.06636E+2	4.06636E+2
1.18198E+0	-4.02519E+2	-4.02519E+2	4.10493E+2	4.10493E+2
1.17891E+0	-4.04496E+2	-4.04496E+2	4.13946E+2	4.13946E+2
1.17691E+0	-4.07574E+2	-4.07574E+2	4.15818E+2	4.15818E+2
1.17371E+0	-4.10187E+2	-4.10187E+2	4.18551E+2	4.18551E+2
1.17144E+0	-4.11730E+2	-4.11730E+2	4.20631E+2	4.20631E+2
1.16771E+0	-4.14267E+2	-4.14267E+2	4.23570E+2	4.23570E+2
1.16504E+0	-4.16316E+2	-4.16316E+2	4.25007E+2	4.25007E+2
1.16317E+0	-4.17468E+2	-4.17468E+2	4.25652E+2	4.25652E+2
1.15997E+0	-4.18537E+2	-4.18537E+2	4.26762E+2	4.26762E+2
1.15651E+0	-4.18838E+2	-4.18838E+2	4.27138E+2	4.27138E+2
1.15357E+0	-4.18993E+2	-4.18993E+2	4.27041E+2	4.27041E+2
1.15117E+0	-4.18332E+2	-4.18332E+2	4.26247E+2	4.26247E+2
1.14971E+0	-4.17750E+2	-4.17750E+2	4.25779E+2	4.25779E+2
1.14664E+0	-4.16189E+2	-4.16189E+2	4.23892E+2	4.23892E+2
1.14237E+0	-4.14216E+2	-4.14216E+2	4.20548E+2	4.20548E+2
1.14104E+0	-4.11507E+2	-4.11507E+2	4.18892E+2	4.18892E+2
1.13771E+0	-4.09108E+2	-4.09108E+2	4.14793E+2	4.14793E+2
1.13531E+0	-4.05640E+2	-4.05640E+2	4.12604E+2	4.12604E+2
1.13184E+0	-4.02175E+2	-4.02175E+2	4.09091E+2	4.09091E+2
1.12931E+0	-3.96316E+2	-3.96316E+2	4.02742E+2	4.02742E+2
1.12824E+0	-3.93955E+2	-3.93955E+2	4.00300E+2	4.00300E+2
1.12384E+0	-3.89915E+2	-3.89915E+2	3.93491E+2	3.93491E+2
1.12251E+0	-3.84161E+2	-3.84161E+2	3.90689E+2	3.90689E+2
1.11917E+0	-3.79799E+2	-3.79799E+2	3.82713E+2	3.82713E+2
1.11677E+0	-3.73705E+2	-3.73705E+2	3.79541E+2	3.79541E+2
1.11157E+0	-3.69599E+2	-3.69599E+2	3.70886E+2	3.70886E+2
1.10904E+0	-3.61078E+2	-3.61078E+2	3.64361E+2	3.64361E+2
1.10504E+0	-3.56357E+2	-3.56357E+2	3.59371E+2	3.59371E+2
1.10357E+0	-3.51180E+2	-3.51180E+2	3.56618E+2	3.56618E+2
1.10037E+0	-3.47652E+2	-3.47652E+2	3.52984E+2	3.52984E+2
1.09784E+0	-3.45583E+2	-3.45583E+2	3.50038E+2	3.50038E+2
1.09491E+0	-3.42355E+2	-3.42355E+2	3.48149E+2	3.48149E+2
1.09091E+0	-3.40693E+2	-3.40693E+2	3.45889E+2	3.45889E+2
1.08784E+0	-3.39620E+2	-3.39620E+2	3.45349E+2	3.45349E+2
1.08304E+0	-3.39447E+2	-3.39447E+2	3.46094E+2	3.46094E+2
1.07984E+0	-3.40768E+2	-3.40768E+2	3.47152E+2	3.47152E+2
1.07717E+0	-3.41937E+2	-3.41937E+2	3.48622E+2	3.48622E+2
1.07437E+0	-3.44054E+2	-3.44054E+2	3.50745E+2	3.50745E+2
1.07184E+0	-3.45951E+2	-3.45951E+2	3.53172E+2	3.53172E+2
1.06744E+0	-3.47619E+2	-3.47619E+2	3.55996E+2	3.55996E+2
1.06464E+0	-3.51420E+2	-3.51420E+2	3.58692E+2	3.58692E+2
1.06304E+0	-3.52719E+2	-3.52719E+2	3.59779E+2	3.59779E+2
1.05890E+0	-3.54285E+2	-3.54285E+2	3.62753E+2	3.62753E+2
1.05490E+0	-3.57079E+2	-3.57079E+2	3.65137E+2	3.65137E+2
1.05317E+0	-3.58722E+2	-3.58722E+2	3.65904E+2	3.65904E+2
1.05077E+0	-3.59378E+2	-3.59378E+2	3.66656E+2	3.66656E+2
1.04850E+0	-3.59954E+2	-3.59954E+2	3.67155E+2	3.67155E+2
1.04410E+0	-3.60317E+2	-3.60317E+2	3.67226E+2	3.67226E+2
1.04010E+0	-3.59825E+2	-3.59825E+2	3.66103E+2	3.66103E+2
1.03624E+0	-3.58696E+2	-3.58696E+2	3.64343E+2	3.64343E+2
1.03370E+0	-3.56267E+2	-3.56267E+2	3.62850E+2	3.62850E+2
1.03050E+0	-3.53810E+2	-3.53810E+2	3.58391E+2	3.58391E+2
1.02584E+0	-3.49215E+2	-3.49215E+2	3.53568E+2	3.53568E+2
1.02437E+0	-3.45742E+2	-3.45742E+2	3.51364E+2	3.51364E+2
1.02090E+0	-3.42411E+2	-3.42411E+2	3.45867E+2	3.45867E+2
1.01864E+0	-3.37933E+2	-3.37933E+2	3.42966E+2	3.42966E+2
1.01503E+0	-3.31794E+2	-3.31794E+2	3.37024E+2	3.37024E+2
1.01037E+0	-3.27433E+2	-3.27433E+2	3.30734E+2	3.30734E+2
1.00717E+0	-3.21139E+2	-3.21139E+2	3.23920E+2	3.23920E+2
1.00383E+0	-3.16420E+2	-3.16420E+2	3.20603E+2	3.20603E+2
1.00210E+0	-3.13677E+2	-3.13677E+2	3.18919E+2	3.18919E+2
9.99700E-1	-3.12144E+2	-3.12144E+2	3.16075E+2	3.16075E+2
9.95030E-1	-3.08859E+2	-3.08859E+2	3.13340E+2	3.13340E+2
9.90770E-1	-3.06476E+2	-3.06476E+2	3.11292E+2	3.11292E+2
9.89300E-1	-3.05567E+2	-3.05567E+2	3.11030E+2	3.11030E+2
9.88230E-1	-3.05437E+2	-3.05437E+2	3.10951E+2	3.10951E+2
9.84100E-1	-3.05569E+2	-3.05569E+2	3.11448E+2	3.11448E+2
9.82630E-1	-3.06037E+2	-3.06037E+2	3.11778E+2	3.11778E+2
9.78770E-1	-3.06761E+2	-3.06761E+2	3.13496E+2	3.13496E+2
9.76630E-1	-3.08639E+2	-3.08639E+2	3.14633E+2	3.14633E+2
9.73830E-1	-3.09540E+2	-3.09540E+2	3.16301E+2	3.16301E+2
9.70370E-1	-3.11543E+2	-3.11543E+2	3.18825E+2	3.18825E+2
9.68500E-1	-3.13465E+2	-3.13465E+2	3.20322E+2	3.20322E+2
9.62630E-1	-3.15260E+2	-3.15260E+2	3.22204E+2	3.22204E+2
9.60900E-1	-3.16694E+2	-3.16694E+2	3.22993E+2	3.22993E+2
9.57570E-1	-3.17457E+2	-3.17457E+2	3.23688E+2	3.23688E+2
9.55030E-1	-3.17652E+2	-3.17652E+2	3.23824E+2	3.23824E+2
9.49700E-1	-3.17385E+2	-3.17385E+2	3.22979E+2	3.22979E+2
9.46370E-1	-3.15808E+2	-3.15808E+2	3.21112E+2	3.21112E+2
9.44500E-1	-3.14006E+2	-3.14006E+2	3.19617E+2	3.19617E+2
9.40500E-1	-3.12211E+2	-3.12211E+2	3.16413E+2	3.16413E+2
9.38900E-1	-3.09153E+2	-3.09153E+2	3.14949E+2	3.14949E+2
9.35700E-1	-3.05972E+2	-3.05972E+2	3.10601E+2	3.10601E+2
9.33030E-1	-3.03147E+2	-3.03147E+2	3.08251E+2	3.08251E+2
9.29030E-1	-2.99746E+2	-2.99746E+2	3.02579E+2	3.02579E+2
9.25300E-1	-2.94599E+2	-2.94599E+2	2.97881E+2	2.97881E+2
9.23160E-1	-2.91488E+2	-2.91488E+2	2.94854E+2	2.94854E+2
9.20500E-1	-2.87883E+2	-2.87883E+2	2.92430E+2	2.92430E+2
9.18230E-1	-2.85975E+2	-2.85975E+2	2.90304E+2	2.90304E+2
9.14100E-1	-2.83915E+2	-2.83915E+2	2.86941E+2	2.86941E+2
9.10360E-1	-2.80343E+2	-2.80343E+2	2.84994E+2	2.84994E+2
9.08760E-1	-2.79629E+2	-2.79629E+2	2.84573E+2	2.84573E+2
9.05160E-1	-2.79247E+2	-2.79247E+2	2.84212E+2	2.84212E+2
9.00630E-1	-2.79189E+2	-2.79189E+2	2.84348E+2	2.84348E+2
8.99960E-1	-2.80092E+2	-2.80092E+2	2.85344E+2	2.85344E+2
8.95560E-1	-2.80714E+2	-2.80714E+2	2.87003E+2	2.87003E+2
8.91030E-1	-2.82251E+2	-2.82251E+2	2.88496E+2	2.88496E+2
8.86900E-1	-2.83789E+2	-2.83789E+2	2.90001E+2	2.90001E+2
8.83700E-1	-2.85090E+2	-2.85090E+2	2.90721E+2	2.90721E+2
8.80100E-1	-2.85659E+2	-2.85659E+2	2.91209E+2	2.91209E+2
8.76100E-1	-2.85709E+2	-2.85709E+2	2.90867E+2	2.90867E+2
8.71830E-1	-2.84588E+2	-2.84588E+2	2.88958E+2	2.88958E+2
8.67960E-1	-2.82211E+2	-2.82211E+2	2.86327E+2	2.86327E+2
8.63560E-1	-2.79126E+2	-2.79126E+2	2.82690E+2	2.82690E+2
8.60760E-1	-2.75687E+2	-2.75687E+2	2.80599E+2	2.80599E+2
8.59300E-1	-2.74508E+2	-2.74508E+2	2.79100E+2	2.79100E+2
8.57830E-1	-2.72755E+2	-2.72755E+2	2.77272E+2	2.77272E+2
8.56760E-1	-2.71284E+2	-2.71284E+2	2.75791E+2	2.75791E+2
8.50760E-1	-2.68009E+2	-2.68009E+2	2.70645E+2	2.70645E+2
8.47430E-1	-2.64161E+2	-2.64161E+2	2.67346E+2	2.67346E+2
8.44890E-1	-2.61434E+2	-2.61434E+2	2.65723E+2	2.65723E+2
8.41430E-1	-2.59726E+2	-2.59726E+2	2.63957E+2	2.63957E+2
8.38890E-1	-2.58958E+2	-2.58958E+2	2.63169E+2	2.63169E+2
8.34630E-1	-2.58361E+2	-2.58361E+2	2.62870E+2	2.62870E+2
8.33290E-1	-2.58235E+2	-2.58235E+2	2.62970E+2	2.62970E+2
8.30230E-1	-2.58440E+2	-2.58440E+2	2.63423E+2	2.63423E+2
8.27830E-1	-2.59149E+2	-2.59149E+2	2.63992E+2	2.63992E+2
8.25160E-1	-2.59648E+2	-2.59648E+2	2.64833E+2	2.64833E+2
8.22360E-1	-2.60339E+2	-2.60339E+2	2.65363E+2	2.65363E+2
8.19430E-1	-2.61098E+2	-2.61098E+2	2.66032E+2	2.66032E+2
8.15290E-1	-2.61309E+2	-2.61309E+2	2.66282E+2	2.66282E+2
8.10230E-1	-2.61148E+2	-2.61148E+2	2.65486E+2	2.65486E+2
8.06630E-1	-2.60306E+2	-2.60306E+2	2.64337E+2	2.64337E+2
8.05030E-1	-2.58616E+2	-2.58616E+2	2.63290E+2	2.63290E+2
8.01830E-1	-2.56569E+2	-2.56569E+2	2.61083E+2	2.61083E+2
7.98360E-1	-2.54874E+2	-2.54874E+2	2.58086E+2	2.58086E+2
7.93030E-1	-2.51106E+2	-2.51106E+2	2.53960E+2	2.53960E+2
7.88230E-1	-2.47711E+2	-2.47711E+2	2.50809E+2	2.50809E+2
7.86090E-1	-2.44789E+2	-2.44789E+2	2.48920E+2	2.48920E+2
7.84490E-1	-2.43856E+2	-2.43856E+2	2.48000E+2	2.48000E+2
7.82230E-1	-2.43093E+2	-2.43093E+2	2.46765E+2	2.46765E+2
7.78090E-1	-2.41990E+2	-2.41990E+2	2.46138E+2	2.46138E+2
7.75830E-1	-2.41400E+2	-2.41400E+2	2.45680E+2	2.45680E+2
7.71830E-1	-2.41341E+2	-2.41341E+2	2.45788E+2	2.45788E+2
7.69820E-1	-2.41537E+2	-2.41537E+2	2.46018E+2	2.46018E+2
7.65960E-1	-2.41898E+2	-2.41898E+2	2.46587E+2	2.46587E+2
7.62890E-1	-2.42268E+2	-2.42268E+2	2.46862E+2	2.46862E+2
7.60630E-1	-2.42517E+2	-2.42517E+2	2.46952E+2	2.46952E+2
7.57830E-1	-2.42418E+2	-2.42418E+2	2.46795E+2	2.46795E+2
7.54760E-1	-2.42148E+2	-2.42148E+2	2.46103E+2	2.46103E+2
7.52760E-1	-2.41170E+2	-2.41170E+2	2.45627E+2	2.45627E+2
7.49420E-1	-2.40539E+2	-2.40539E+2	2.44086E+2	2.44086E+2
7.47960E-1	-2.39170E+2	-2.39170E+2	2.43285E+2	2.43285E+2
7.45960E-1	-2.37326E+2	-2.37326E+2	2.41521E+2	2.41521E+2
7.42760E-1	-2.36429E+2	-2.36429E+2	2.39900E+2	2.39900E+2
7.39690E-1	-2.34380E+2	-2.34380E+2	2.37594E+2	2.37594E+2
7.37960E-1	-2.32736E+2	-2.32736E+2	2.36662E+2	2.36662E+2
7.34490E-1	-2.30577E+2	-2.30577E+2	2.34544E+2	2.34544E+2
7.31020E-1	-2.29877E+2	-2.29877E+2	2.33127E+2	2.33127E+2
7.27690E-1	-2.28660E+2	-2.28660E+2	2.32296E+2	2.32296E+2
7.25560E-1	-2.27771E+2	-2.27771E+2	2.31691E+2	2.31691E+2
7.23420E-1	-2.27564E+2	-2.27564E+2	2.31480E+2	2.31480E+2
7.20760E-1	-2.27438E+2	-2.27438E+2	2.31516E+2	2.31516E+2
7.14490E-1	-2.27555E+2	-2.27555E+2	2.31708E+2	2.31708E+2
7.10490E-1	-2.27639E+2	-2.27639E+2	2.31643E+2	2.31643E+2
7.07690E-1	-2.27267E+2	-2.27267E+2	2.31169E+2	2.31169E+2
7.06620E-1	-2.26861E+2	-2.26861E+2	2.30839E+2	2.30839E+2
7.03020E-1	-2.26527E+2	-2.26527E+2	2.29905E+2	2.29905E+2
6.98490E-1	-2.24804E+2	-2.24804E+2	2.27886E+2	2.27886E+2
6.96750E-1	-2.22961E+2	-2.22961E+2	2.26719E+2	2.26719E+2
6.92890E-1	-2.21392E+2	-2.21392E+2	2.24625E+2	2.24625E+2
6.90220E-1	-2.20200E+2	-2.20200E+2	2.23206E+2	2.23206E+2
6.87150E-1	-2.18845E+2	-2.18845E+2	2.21810E+2	2.21810E+2
6.84620E-1	-2.17552E+2	-2.17552E+2	2.20973E+2	2.20973E+2
6.81020E-1	-2.16643E+2	-2.16643E+2	2.20127E+2	2.20127E+2
6.77420E-1	-2.16089E+2	-2.16089E+2	2.19754E+2	2.19754E+2
6.74350E-1	-2.15932E+2	-2.15932E+2	2.19637E+2	2.19637E+2
6.70620E-1	-2.15807E+2	-2.15807E+2	2.19516E+2	2.19516E+2
6.68620E-1	-2.15636E+2	-2.15636E+2	2.19398E+2	2.19398E+2
6.65290E-1	-2.15439E+2	-2.15439E+2	2.18879E+2	2.18879E+2
6.63020E-1	-2.14716E+2	-2.14716E+2	2.18415E+2	2.18415E+2
6.60350E-1	-2.14333E+2	-2.14333E+2	2.17538E+2	2.17538E+2
6.57020E-1	-2.13085E+2	-2.13085E+2	2.16309E+2	2.16309E+2
6.54750E-1	-2.11739E+2	-2.11739E+2	2.15241E+2	2.15241E+2
6.51820E-1	-2.10537E+2	-2.10537E+2	2.13869E+2	2.13869E+2
6.47690E-1	-2.09168E+2	-2.09168E+2	2.12098E+2	2.12098E+2
6.46220E-1	-2.08235E+2	-2.08235E+2	2.11582E+2	2.11582E+2
6.42890E-1	-2.07654E+2	-2.07654E+2	2.10749E+2	2.10749E+2
6.41550E-1	-2.06963E+2	-2.06963E+2	2.10328E+2	2.10328E+2
6.36750E-1	-2.06591E+2	-2.06591E+2	2.09909E+2	2.09909E+2
6.33150E-1	-2.06166E+2	-2.06166E+2	2.09590E+2	2.09590E+2
6.29950E-1	-2.05748E+2	-2.05748E+2	2.09237E+2	2.09237E+2
6.25150E-1	-2.05333E+2	-2.05333E+2	2.08472E+2	2.08472E+2
6.22750E-1	-2.04514E+2	-2.04514E+2	2.07615E+2	2.07615E+2
6.21150E-1	-2.03806E+2	-2.03806E+2	2.07208E+2	2.07208E+2
6.18350E-1	-2.02707E+2	-2.02707E+2	2.05916E+2	2.05916E+2
6.14750E-1	-2.01911E+2	-2.01911E+2	2.04949E+2	2.04949E+2
6.09950E-1	-2.00389E+2	-2.00389E+2	2.03104E+2	2.03104E+2
6.07290E-1	-1.99157E+2	-1.99157E+2	2.02375E+2	2.02375E+2
6.03680E-1	-1.98767E+2	-1.98767E+2	2.01870E+2	2.01870E+2
6.00220E-1	-1.98327E+2	-1.98327E+2	2.01420E+2	2.01420E+2
5.98750E-1	-1.97999E+2	-1.97999E+2	2.01309E+2	2.01309E+2
5.96750E-1	-1.97845E+2	-1.97845E+2	2.01072E+2	2.01072E+2
5.93420E-1	-1.97529E+2	-1.97529E+2	2.00500E+2	2.00500E+2
5.89950E-1	-1.96963E+2	-1.96963E+2	1.99706E+2	1.99706E+2
5.85280E-1	-1.95526E+2	-1.95526E+2	1.98261E+2	1.98261E+2
5.83420E-1	-1.94700E+2	-1.94700E+2	1.97645E+2	1.97645E+2
5.79950E-1	-1.93887E+2	-1.93887E+2	1.96557E+2	1.96557E+2
5.76220E-1	-1.93063E+2	-1.93063E+2	1.95650E+2	1.95650E+2
5.74880E-1	-1.92326E+2	-1.92326E+2	1.95381E+2	1.95381E+2
5.70750E-1	-1.91898E+2	-1.91898E+2	1.94686E+2	1.94686E+2
5.66880E-1	-1.91248E+2	-1.91248E+2	1.94179E+2	1.94179E+2
5.65420E-1	-1.90877E+2	-1.90877E+2	1.93965E+2	1.93965E+2
5.60350E-1	-1.90647E+2	-1.90647E+2	1.93213E+2	1.93213E+2
5.56480E-1	-1.89609E+2	-1.89609E+2	1.92079E+2	1.92079E+2
5.51820E-1	-1.88262E+2	-1.88262E+2	1.90796E+2	1.90796E+2
5.49420E-1	-1.87360E+2	-1.87360E+2	1.90240E+2	1.90240E+2
5.46480E-1	-1.86615E+2	-1.86615E+2	1.89345E+2	1.89345E+2
5.43410E-1	-1.86053E+2	-1.86053E+2	1.88949E+2	1.88949E+2
5.41280E-1	-1.85781E+2	-1.85781E+2	1.88634E+2	1.88634E+2
5.37680E-1	-1.85274E+2	-1.85274E+2	1.88129E+2	1.88129E+2
5.33950E-1	-1.84890E+2	-1.84890E+2	1.87421E+2	1.87421E+2
5.29950E-1	-1.84164E+2	-1.84164E+2	1.86566E+2	1.86566E+2
5.27010E-1	-1.83316E+2	-1.83316E+2	1.85821E+2	1.85821E+2
5.25550E-1	-1.82658E+2	-1.82658E+2	1.85474E+2	1.85474E+2
5.22480E-1	-1.82347E+2	-1.82347E+2	1.84772E+2	1.84772E+2
5.20750E-1	-1.81699E+2	-1.81699E+2	1.84425E+2	1.84425E+2
5.17950E-1	-1.81453E+2	-1.81453E+2	1.83996E+2	1.83996E+2
5.16080E-1	-1.80966E+2	-1.80966E+2	1.83766E+2	1.83766E+2
5.13010E-1	-1.80553E+2	-1.80553E+2	1.83178E+2	1.83178E+2
5.09280E-1	-1.80108E+2	-1.80108E+2	1.82511E+2	1.82511E+2
5.05550E-1	-1.79506E+2	-1.79506E+2	1.81727E+2	1.81727E+2
5.02480E-1	-1.78771E+2	-1.78771E+2	1.81382E+2	1.81382E+2
4.98880E-1	-1.78150E+2	-1.78150E+2	1.80529E+2	1.80529E+2
4.95680E-1	-1.77362E+2	-1.77362E+2	1.79665E+2	1.79665E+2
4.93150E-1	-1.76831E+2	-1.76831E+2	1.79419E+2	1.79419E+2
4.91680E-1	-1.76633E+2	-1.76633E+2	1.79221E+2	1.79221E+2
4.91150E-1	-1.76279E+2	-1.76279E+2	1.78831E+2	1.78831E+2
4.86480E-1	-1.75982E+2	-1.75982E+2	1.78251E+2	1.78251E+2
4.83550E-1	-1.75292E+2	-1.75292E+2	1.77850E+2	1.77850E+2
4.79810E-1	-1.74707E+2	-1.74707E+2	1.77058E+2	1.77058E+2
4.78610E-1	-1.74332E+2	-1.74332E+2	1.76809E+2	1.76809E+2
4.73550E-1	-1.73842E+2	-1.73842E+2	1.76062E+2	1.76062E+2
4.69280E-1	-1.73138E+2	-1.73138E+2	1.75308E+2	1.75308E+2
4.63150E-1	-1.72448E+2	-1.72448E+2	1.74565E+2	1.74565E+2
4.58880E-1	-1.71576E+2	-1.71576E+2	1.73632E+2	1.73632E+2
4.54750E-1	-1.70769E+2	-1.70769E+2	1.72853E+2	1.72853E+2
4.52210E-1	-1.70193E+2	-1.70193E+2	1.72465E+2	1.72465E+2
4.50880E-1	-1.69940E+2	-1.69940E+2	1.72264E+2	1.72264E+2
4.47410E-1	-1.69758E+2	-1.69758E+2	1.72042E+2	1.72042E+2
4.43810E-1	-1.68982E+2	-1.68982E+2	1.71120E+2	1.71120E+2
4.41810E-1	-1.68591E+2	-1.68591E+2	1.70766E+2	1.70766E+2
4.37680E-1	-1.68285E+2	-1.68285E+2	1.70264E+2	1.70264E+2
4.33940E-1	-1.67670E+2	-1.67670E+2	1.69633E+2	1.69633E+2
4.31280E-1	-1.67080E+2	-1.67080E+2	1.69257E+2	1.69257E+2
4.29940E-1	-1.66873E+2	-1.66873E+2	1.69061E+2	1.69061E+2
4.26340E-1	-1.66668E+2	-1.66668E+2	1.68718E+2	1.68718E+2
4.25010E-1	-1.66146E+2	-1.66146E+2	1.68276E+2	1.68276E+2
4.22210E-1	-1.65937E+2	-1.65937E+2	1.67829E+2	1.67829E+2
4.19140E-1	-1.65439E+2	-1.65439E+2	1.67441E+2	1.67441E+2
4.17280E-1	-1.65051E+2	-1.65051E+2	1.67122E+2	1.67122E+2
4.13540E-1	-1.64697E+2	-1.64697E+2	1.66585E+2	1.66585E+2
4.11140E-1	-1.64203E+2	-1.64203E+2	1.66288E+2	1.66288E+2
4.09680E-1	-1.63991E+2	-1.63991E+2	1.66092E+2	1.66092E+2
4.06880E-1	-1.63562E+2	-1.63562E+2	1.65634E+2	1.65634E+2
4.04880E-1	-1.63348E+2	-1.63348E+2	1.65398E+2	1.65398E+2
4.02080E-1	-1.63025E+2	-1.63025E+2	1.65098E+2	1.65098E+2
3.99280E-1	-1.62787E+2	-1.62787E+2	1.64664E+2	1.64664E+2
3.97410E-1	-1.62423E+2	-1.62423E+2	1.64426E+2	1.64426E+2
3.97010E-1	-1.62165E+2	-1.62165E+2	1.64102E+2	1.64102E+2
3.94080E-1	-1.61954E+2	-1.61954E+2	1.63915E+2	1.63915E+2
3.90740E-1	-1.61697E+2	-1.61697E+2	1.63552E+2	1.63552E+2
3.89410E-1	-1.61343E+2	-1.61343E+2	1.63360E+2	1.63360E+2
3.86080E-1	-1.61175E+2	-1.61175E+2	1.62939E+2	1.62939E+2
3.83280E-1	-1.60640E+2	-1.60640E+2	1.62600E+2	1.62600E+2
3.79680E-1	-1.60494E+2	-1.60494E+2	1.62120E+2	1.62120E+2
3.78080E-1	-1.59926E+2	-1.59926E+2	1.61887E+2	1.61887E+2
3.75940E-1	-1.59715E+2	-1.59715E+2	1.61627E+2	1.61627E+2
3.73940E-1	-1.59494E+2	-1.59494E+2	1.61403E+2	1.61403E+2
3.71010E-1	-1.59332E+2	-1.59332E+2	1.61046E+2	1.61046E+2
3.68610E-1	-1.58852E+2	-1.58852E+2	1.60713E+2	1.60713E+2
3.66870E-1	-1.58657E+2	-1.58657E+2	1.60536E+2	1.60536E+2
3.63940E-1	-1.58425E+2	-1.58425E+2	1.60236E+2	1.60236E+2
3.62470E-1	-1.58213E+2	-1.58213E+2	1.60079E+2	1.60079E+2
3.59540E-1	-1.58054E+2	-1.58054E+2	1.59734E+2	1.59734E+2
3.58070E-1	-1.57700E+2	-1.57700E+2	1.59550E+2	1.59550E+2
3.56470E-1	-1.57573E+2	-1.57573E+2	1.59352E+2	1.59352E+2
3.53670E-1	-1.57214E+2	-1.57214E+2	1.59026E+2	1.59026E+2
3.52340E-1	-1.57072E+2	-1.57072E+2	1.58741E+2	1.58741E+2
3.49810E-1	-1.56801E+2	-1.56801E+2	1.58603E+2	1.58603E+2
3.48340E-1	-1.56652E+2	-1.56652E+2	1.58418E+2	1.58418E+2
3.43670E-1	-1.56394E+2	-1.56394E+2	1.57958E+2	1.57958E+2
3.39540E-1	-1.55937E+2	-1.55937E+2	1.57497E+2	1.57497E+2
3.38070E-1	-1.55621E+2	-1.55621E+2	1.57312E+2	1.57312E+2
3.36470E-1	-1.55470E+2	-1.55470E+2	1.57098E+2	1.57098E+2
3.34610E-1	-1.55270E+2	-1.55270E+2	1.56946E+2	1.56946E+2
3.32870E-1	-1.55112E+2	-1.55112E+2	1.56777E+2	1.56777E+2
3.29540E-1	-1.54768E+2	-1.54768E+2	1.56418E+2	1.56418E+2
3.26740E-1	-1.54611E+2	-1.54611E+2	1.56066E+2	1.56066E+2
3.25410E-1	-1.54319E+2	-1.54319E+2	1.55941E+2	1.55941E+2
3.22610E-1	-1.54183E+2	-1.54183E+2	1.55696E+2	1.55696E+2
3.20610E-1	-1.53899E+2	-1.53899E+2	1.55526E+2	1.55526E+2
3.17140E-1	-1.53759E+2	-1.53759E+2	1.55161E+2	1.55161E+2
3.15670E-1	-1.53433E+2	-1.53433E+2	1.55011E+2	1.55011E+2
3.12340E-1	-1.53314E+2	-1.53314E+2	1.54705E+2	1.54705E+2
3.10740E-1	-1.53035E+2	-1.53035E+2	1.54576E+2	1.54576E+2
3.09010E-1	-1.52932E+2	-1.52932E+2	1.54351E+2	1.54351E+2
3.06340E-1	-1.52608E+2	-1.52608E+2	1.54095E+2	1.54095E+2
3.04610E-1	-1.52443E+2	-1.52443E+2	1.53987E+2	1.53987E+2
3.01940E-1	-1.52304E+2	-1.52304E+2	1.53689E+2	1.53689E+2
3.00210E-1	-1.52071E+2	-1.52071E+2	1.53573E+2	1.53573E+2
2.97140E-1	-1.51917E+2	-1.51917E+2	1.53233E+2	1.53233E+2
2.95540E-1	-1.51689E+2	-1.51689E+2	1.53102E+2	1.53102E+2
2.91540E-1	-1.51488E+2	-1.51488E+2	1.52812E+2	1.52812E+2
2.90340E-1	-1.51237E+2	-1.51237E+2	1.52694E+2	1.52694E+2
2.87540E-1	-1.51084E+2	-1.51084E+2	1.52394E+2	1.52394E+2
2.85400E-1	-1.50902E+2	-1.50902E+2	1.52340E+2	1.52340E+2
2.82210E-1	-1.50656E+2	-1.50656E+2	1.52042E+2	1.52042E+2
2.80200E-1	-1.50537E+2	-1.50537E+2	1.51822E+2	1.51822E+2
2.78070E-1	-1.50337E+2	-1.50337E+2	1.51711E+2	1.51711E+2
2.75800E-1	-1.50143E+2	-1.50143E+2	1.51499E+2	1.51499E+2
2.72740E-1	-1.49957E+2	-1.49957E+2	1.51270E+2	1.51270E+2
2.70470E-1	-1.49770E+2	-1.49770E+2	1.51119E+2	1.51119E+2
2.68070E-1	-1.49625E+2	-1.49625E+2	1.50895E+2	1.50895E+2
2.66600E-1	-1.49473E+2	-1.49473E+2	1.50757E+2	1.50757E+2
2.65270E-1	-1.49395E+2	-1.49395E+2	1.50655E+2	1.50655E+2
2.62200E-1	-1.49226E+2	-1.49226E+2	1.50484E+2	1.50484E+2
2.60470E-1	-1.49082E+2	-1.49082E+2	1.50315E+2	1.50315E+2
2.58070E-1	-1.48967E+2	-1.48967E+2	1.50097E+2	1.50097E+2
2.56470E-1	-1.48749E+2	-1.48749E+2	1.50034E+2	1.50034E+2
2.55140E-1	-1.48688E+2	-1.48688E+2	1.49908E+2	1.49908E+2
2.49940E-1	-1.48575E+2	-1.48575E+2	1.49665E+2	1.49665E+2
2.45800E-1	-1.48228E+2	-1.48228E+2	1.49311E+2	1.49311E+2
2.42340E-1	-1.47901E+2	-1.47901E+2	1.49044E+2	1.49044E+2
2.40870E-1	-1.47800E+2	-1.47800E+2	1.48944E+2	1.48944E+2
2.39000E-1	-1.47730E+2	-1.47730E+2	1.48827E+2	1.48827E+2
2.37670E-1	-1.47585E+2	-1.47585E+2	1.48716E+2	1.48716E+2
2.36070E-1	-1.47496E+2	-1.47496E+2	1.48575E+2	1.48575E+2
2.33800E-1	-1.47394E+2	-1.47394E+2	1.48523E+2	1.48523E+2
2.32070E-1	-1.47238E+2	-1.47238E+2	1.48330E+2	1.48330E+2
2.29670E-1	-1.47144E+2	-1.47144E+2	1.48246E+2	1.48246E+2
2.26870E-1	-1.47045E+2	-1.47045E+2	1.48424E+2	1.48424E+2
2.25400E-1	-1.47868E+2	-1.47868E+2	1.47692E+2	1.47692E+2
2.22470E-1	-1.46840E+2	-1.46840E+2	1.47891E+2	1.47891E+2
2.19800E-1	-1.46773E+2	-1.46773E+2	1.47765E+2	1.47765E+2
2.16740E-1	-1.46575E+2	-1.46575E+2	1.47579E+2	1.47579E+2
2.14470E-1	-1.46450E+2	-1.46450E+2	1.47457E+2	1.47457E+2
2.13000E-1	-1.46392E+2	-1.46392E+2	1.47383E+2	1.47383E+2
2.09930E-1	-1.46213E+2	-1.46213E+2	1.47212E+2	1.47212E+2
2.07670E-1	-1.46099E+2	-1.46099E+2	1.47055E+2	1.47055E+2
2.05670E-1	-1.46023E+2	-1.46023E+2	1.46972E+2	1.46972E+2
2.02470E-1	-1.45884E+2	-1.45884E+2	1.46834E+2	1.46834E+2
1.99800E-1	-1.45816E+2	-1.45816E+2	1.46689E+2	1.46689E+2
1.96870E-1	-1.45670E+2	-1.45670E+2	1.46609E+2	1.46609E+2
1.95400E-1	-1.45589E+2	-1.45589E+2	1.46446E+2	1.46446E+2
1.92470E-1	-1.45494E+2	-1.45494E+2	1.46336E+2	1.46336E+2
1.90730E-1	-1.45343E+2	-1.45343E+2	1.46242E+2	1.46242E+2
1.87930E-1	-1.45219E+2	-1.45219E+2	1.46100E+2	1.46100E+2
1.86600E-1	-1.45169E+2	-1.45169E+2	1.46055E+2	1.46055E+2
1.84070E-1	-1.45067E+2	-1.45067E+2	1.45917E+2	1.45917E+2
1.82200E-1	-1.45007E+2	-1.45007E+2	1.45850E+2	1.45850E+2
1.78200E-1	-1.44942E+2	-1.44942E+2	1.45693E+2	1.45693E+2
1.76600E-1	-1.44786E+2	-1.44786E+2	1.45611E+2	1.45611E+2
1.73670E-1	-1.44744E+2	-1.44744E+2	1.45500E+2	1.45500E+2
1.72200E-1	-1.44650E+2	-1.44650E+2	1.45466E+2	1.45466E+2
1.69530E-1	-1.44573E+2	-1.44573E+2	1.45348E+2	1.45348E+2
1.68070E-1	-1.44512E+2	-1.44512E+2	1.45311E+2	1.45311E+2
1.64870E-1	-1.44423E+2	-1.44423E+2	1.45159E+2	1.45159E+2
1.63130E-1	-1.44372E+2	-1.44372E+2	1.45127E+2	1.45127E+2
1.60200E-1	-1.44306E+2	-1.44306E+2	1.45021E+2	1.45021E+2
1.58870E-1	-1.44242E+2	-1.44242E+2	1.44950E+2	1.44950E+2
1.57270E-1	-1.44220E+2	-1.44220E+2	1.44917E+2	1.44917E+2
1.52870E-1	-1.44127E+2	-1.44127E+2	1.44788E+2	1.44788E+2
1.50470E-1	-1.44050E+2	-1.44050E+2	1.44713E+2	1.44713E+2
1.47130E-1	-1.43984E+2	-1.43984E+2	1.44623E+2	1.44623E+2
1.45670E-1	-1.43927E+2	-1.43927E+2	1.44583E+2	1.44583E+2
1.43130E-1	-1.43869E+2	-1.43869E+2	1.44490E+2	1.44490E+2
1.41930E-1	-1.43842E+2	-1.43842E+2	1.44452E+2	1.44452E+2
1.39400E-1	-1.43801E+2	-1.43801E+2	1.44423E+2	1.44423E+2
1.36730E-1	-1.43746E+2	-1.43746E+2	1.44354E+2	1.44354E+2
1.35270E-1	-1.43740E+2	-1.43740E+2	1.44341E+2	1.44341E+2
1.32730E-1	-1.43699E+2	-1.43699E+2	1.44245E+2	1.44245E+2
1.29400E-1	-1.43674E+2	-1.43674E+2	1.44217E+2	1.44217E+2
1.28200E-1	-1.43582E+2	-1.43582E+2	1.44151E+2	1.44151E+2
1.25670E-1	-1.43604E+2	-1.43604E+2	1.44086E+2	1.44086E+2
1.22330E-1	-1.43530E+2	-1.43530E+2	1.44046E+2	1.44046E+2
1.20330E-1	-1.43517E+2	-1.43517E+2	1.44034E+2	1.44034E+2
1.16730E-1	-1.43486E+2	-1.43486E+2	1.43990E+2	1.43990E+2
1.15260E-1	-1.43480E+2	-1.43480E+2	1.43947E+2	1.43947E+2
1.12600E-1	-1.43475E+2	-1.43475E+2	1.43958E+2	1.43958E+2
1.11130E-1	-1.43447E+2	-1.43447E+2	1.43955E+2	1.43955E+2
1.08060E-1	-1.43450E+2	-1.43450E+2	1.43902E+2	1.43902E+2
1.06600E-1	-1.43407E+2	-1.43407E+2	1.43869E+2	1.43869E+2
1.04730E-1	-1.43443E+2	-1.43443E+2	1.43860E+2	1.43860E+2
1.03130E-1	-1.43399E+2	-1.43399E+2	1.43852E+2	1.43852E+2
1.00330E-1	-1.43403E+2	-1.43403E+2	1.43828E+2	1.43828E+2
9.67300E-2	-1.43405E+2	-1.43405E+2	1.43805E+2	1.43805E+2
9.51300E-2	-1.43419E+2	-1.43419E+2	1.43815E+2	1.43815E+2
9.19300E-2	-1.43433E+2	-1.43433E+2	1.43796E+2	1.43796E+2
8.80600E-2	-1.43400E+2	-1.43400E+2	1.43781E+2	1.43781E+2
8.66000E-2	-1.43466E+2	-1.43466E+2	1.43765E+2	1.43765E+2
8.38000E-2	-1.43444E+2	-1.43444E+2	1.43806E+2	1.43806E+2
8.20600E-2	-1.43484E+2	-1.43484E+2	1.43781E+2	1.43781E+2
7.91300E-2	-1.43485E+2	-1.43485E+2	1.43830E+2	1.43830E+2
7.74000E-2	-1.43511E+2	-1.43511E+2	1.43817E+2	1.43817E+2
7.59300E-2	-1.43524E+2	-1.43524E+2	1.43834E+2	1.43834E+2
7.22000E-2	-1.43546E+2	-1.43546E+2	1.43851E+2	1.43851E+2
7.07300E-2	-1.43607E+2	-1.43607E+2	1.43868E+2	1.43868E+2
6.71300E-2	-1.43620E+2	-1.43620E+2	1.43889E+2	1.43889E+2
6.31300E-2	-1.43675E+2	-1.43675E+2	1.43906E+2	1.43906E+2
6.00600E-2	-1.43736E+2	-1.43736E+2	1.43967E+2	1.43967E+2
5.56600E-2	-1.43796E+2	-1.43796E+2	1.44029E+2	1.44029E+2
5.09900E-2	-1.43909E+2	-1.43909E+2	1.44094E+2	1.44094E+2
4.53900E-2	-1.44007E+2	-1.44007E+2	1.44120E+2	1.44120E+2
4.07300E-2	-1.44109E+2	-1.44109E+2	1.44208E+2	1.44208E+2
3.41900E-2	-1.44227E+2	-1.44227E+2	1.44289E+2	1.44289E+2
2.87300E-2	-1.44317E+2	-1.44317E+2	1.44358E+2	1.44358E+2
2.51300E-2	-1.44409E+2	-1.44409E+2	1.44415E+2	1.44415E+2
2.19300E-2	-1.44474E+2	-1.44474E+2	1.44452E+2	1.44452E+2
1.93900E-2	-1.44530E+2	-1.44530E+2	1.44448E+2	1.44448E+2
1.80600E-2	-1.44526E+2	-1.44526E+2	1.44467E+2	1.44467E+2
1.71300E-2	-1.44566E+2	-1.44566E+2	1.44507E+2	1.44507E+2
1.43300E-2	-1.44580E+2	-1.44580E+2	1.44483E+2	1.44483E+2
1.12600E-2	-1.44586E+2	-1.44586E+2	1.44486E+2	1.44486E+2
9.79000E-3	-1.44623E+2	-1.44623E+2	1.44473E+2	1.44473E+2
7.79000E-3	-1.44617E+2	-1.44617E+2	1.44494E+2	1.44494E+2
5.26000E-3	-1.44637E+2	-1.44637E+2	1.44508E+2	1.44508E+2
3.79000E-3	-1.44675E+2	-1.44675E+2	1.44514E+2	1.44514E+2
5.90000E-4	-1.44631E+2	-1.44631E+2	1.44474E+2	1.44474E+2
5.90000E-4	-1.44635E+2	-1.44635E+2	1.44466E+2	1.44466E+2
